HY-2D 2021 169 10 19 2021 169 10 19     006 1 2021 169 10 19 37.000 03.1360000000000e+00 00.0000000000000e+00 06.7941400000000e-03 00.0000000000000e+00 00.0000000000000e+00 02.1664987244898e+03 00.0000000000000e+00 00.0000000000000e+00 00.0000000000000e+00 00.0000000000000e+00
HY-2D 2021 202 04 18 2021 202 04 18     006 1 2021 202 04 18 37.000 02.4260000000000e+00 00.0000000000000e+00 04.2776460000000e-03 00.0000000000000e+00 00.0000000000000e+00 01.7632506183017e+03 00.0000000000000e+00 00.0000000000000e+00 00.0000000000000e+00 00.0000000000000e+00
HY-2D 2021 299 04 42 2021 299 04 42     006 1 2021 299 04 42 37.000 05.1880000000000e+00 00.0000000000000e+00 09.5605270000000e-03 00.0000000000000e+00 00.0000000000000e+00 01.8428155358520e+03 00.0000000000000e+00 00.0000000000000e+00 00.0000000000000e+00 00.0000000000000e+00
HY-2D 2022 014 10 00 2022 014 10 00     006 1 2022 014 10 00 37.000 04.7620000000000e+00 00.0000000000000e+00 08.3041720000000e-03 00.0000000000000e+00 00.0000000000000e+00 01.7438412431751e+03 00.0000000000000e+00 00.0000000000000e+00 00.0000000000000e+00 00.0000000000000e+00
HY-2D 2022 077 07 03 2022 077 07 03     006 1 2022 077 07 03 37.000 04.1840000000000e+00 00.0000000000000e+00 07.2967040000000e-03 00.0000000000000e+00 00.0000000000000e+00 01.7439541108987e+03 00.0000000000000e+00 00.0000000000000e+00 00.0000000000000e+00 00.0000000000000e+00
HY-2D 2022 109 12 16 2022 109 12 16     006 1 2022 109 12 16 37.000 04.7800000000000e+00 00.0000000000000e+00 08.4208140000000e-03 00.0000000000000e+00 00.0000000000000e+00 01.7616765690377e+03 00.0000000000000e+00 00.0000000000000e+00 00.0000000000000e+00 00.0000000000000e+00
HY-2D 2022 128 07 23 2022 128 07 23     006 1 2022 128 07 23 37.000 01.3010000000000e+01 00.0000000000000e+00 02.7666908000000e-02 00.0000000000000e+00 00.0000000000000e+00 02.1265878554958e+03 00.0000000000000e+00 00.0000000000000e+00 00.0000000000000e+00 00.0000000000000e+00
HY-2D 2022 181 22 40 2022 181 22 40     006 1 2022 181 22 40 37.000 03.7720000000000e+01 00.0000000000000e+00 -7.5455976000000e-02 00.0000000000000e+00 00.0000000000000e+00 -2.0004235418876e+03 00.0000000000000e+00 00.0000000000000e+00 00.0000000000000e+00 00.0000000000000e+00
HY-2D 2022 200 02 45 2022 200 02 45     006 1 2022 200 02 45 37.000 03.0964000000000e+01 00.0000000000000e+00 06.5426104000000e-02 00.0000000000000e+00 00.0000000000000e+00 02.1129732592688e+03 00.0000000000000e+00 00.0000000000000e+00 00.0000000000000e+00 00.0000000000000e+00
HY-2D 2022 228 08 30 2022 228 08 30     006 1 2022 228 08 30 37.000 05.0000000000000e+00 00.0000000000000e+00 08.5520130000000e-03 00.0000000000000e+00 00.0000000000000e+00 01.7104026000000e+03 00.0000000000000e+00 00.0000000000000e+00 00.0000000000000e+00 00.0000000000000e+00
HY-2D 2022 287 02 09 2022 287 02 09     006 1 2022 287 02 09 37.000 06.1880000000000e+00 00.0000000000000e+00 01.0457592000000e-02 00.0000000000000e+00 00.0000000000000e+00 01.6899793148028e+03 00.0000000000000e+00 00.0000000000000e+00 00.0000000000000e+00 00.0000000000000e+00
HY-2D 2022 341 08 30 2022 341 08 30     006 1 2022 341 08 30 37.000 06.7060000000000e+00 00.0000000000000e+00 01.3233247000000e-02 00.0000000000000e+00 00.0000000000000e+00 01.9733443185207e+03 00.0000000000000e+00 00.0000000000000e+00 00.0000000000000e+00 00.0000000000000e+00
HY-2D 2023 029 03 45 2023 029 03 45     006 1 2023 029 03 45 37.000 08.1580000000000e+00 00.0000000000000e+00 01.5508691000000e-02 00.0000000000000e+00 00.0000000000000e+00 01.9010408188281e+03 00.0000000000000e+00 00.0000000000000e+00 00.0000000000000e+00 00.0000000000000e+00
HY-2D 2023 060 10 35 2023 060 10 35     006 1 2023 060 10 35 37.000 05.4420000000000e+00 00.0000000000000e+00 01.0377060000000e-02 00.0000000000000e+00 00.0000000000000e+00 01.9068467475193e+03 00.0000000000000e+00 00.0000000000000e+00 00.0000000000000e+00 00.0000000000000e+00
HY-2D 2023 083 06 00 2023 083 06 00     006 1 2023 083 06 00 37.000 07.5440000000000e+00 00.0000000000000e+00 01.3412154000000e-02 00.0000000000000e+00 00.0000000000000e+00 01.7778571049841e+03 00.0000000000000e+00 00.0000000000000e+00 00.0000000000000e+00 00.0000000000000e+00
HY-2D 2023 136 01 40 2023 136 01 40     006 1 2023 136 01 40 37.000 08.8760000000000e+00 00.0000000000000e+00 01.5659545000000e-02 00.0000000000000e+00 00.0000000000000e+00 01.7642569851284e+03 00.0000000000000e+00 00.0000000000000e+00 00.0000000000000e+00 00.0000000000000e+00
HY-2D 2023 192 03 40 2023 192 03 40     006 1 2023 192 03 40 37.000 06.9460000000000e+00 00.0000000000000e+00 01.2541185000000e-02 00.0000000000000e+00 00.0000000000000e+00 01.8055262021307e+03 00.0000000000000e+00 00.0000000000000e+00 00.0000000000000e+00 00.0000000000000e+00
HY-2D 2023 241 03 00 2023 241 03 00     006 1 2023 241 03 00 37.000 05.7780000000000e+00 00.0000000000000e+00 01.0192209000000e-02 00.0000000000000e+00 00.0000000000000e+00 01.7639683281412e+03 00.0000000000000e+00 00.0000000000000e+00 00.0000000000000e+00 00.0000000000000e+00
HY-2D 2023 281 08 45 2023 281 08 45     006 1 2023 281 08 45 37.000 09.4180000000000e+00 00.0000000000000e+00 01.6787237000000e-02 00.0000000000000e+00 00.0000000000000e+00 01.7824630494797e+03 00.0000000000000e+00 00.0000000000000e+00 00.0000000000000e+00 00.0000000000000e+00
HY-2D 2023 327 01 40 2023 327 01 40     006 1 2023 327 01 40 37.000 05.6880000000000e+00 00.0000000000000e+00 01.1067543000000e-02 00.0000000000000e+00 00.0000000000000e+00 01.9457705696203e+03 00.0000000000000e+00 00.0000000000000e+00 00.0000000000000e+00 00.0000000000000e+00
HY-2D 2023 349 03 15 2023 349 03 15     006 1 2023 349 03 15 37.000 06.2440000000000e+00 00.0000000000000e+00 01.1069048000000e-02 00.0000000000000e+00 00.0000000000000e+00 01.7727495195388e+03 00.0000000000000e+00 00.0000000000000e+00 00.0000000000000e+00 00.0000000000000e+00
HY-2D 2024 017 08 55 2024 017 08 55     006 1 2024 017 08 55 37.000 07.0700000000000e+00 00.0000000000000e+00 01.2697135000000e-02 00.0000000000000e+00 00.0000000000000e+00 01.7959172560113e+03 00.0000000000000e+00 00.0000000000000e+00 00.0000000000000e+00 00.0000000000000e+00
HY-2D 2024 052 01 12 2024 052 01 12     006 1 2024 052 01 12 37.000 05.4300000000000e+00 00.0000000000000e+00 01.0285280000000e-02 00.0000000000000e+00 00.0000000000000e+00 01.8941583793738e+03 00.0000000000000e+00 00.0000000000000e+00 00.0000000000000e+00 00.0000000000000e+00
HY-2D 2024 087 02 10 2024 087 02 10     006 1 2024 087 02 10 37.000 07.6460000000000e+00 00.0000000000000e+00 01.3709428000000e-02 00.0000000000000e+00 00.0000000000000e+00 01.7930196181010e+03 00.0000000000000e+00 00.0000000000000e+00 00.0000000000000e+00 00.0000000000000e+00
HY-2D 2024 128 06 10 2024 128 06 10     006 1 2024 128 06 10 37.000 01.0630000000000e+01 00.0000000000000e+00 01.9226549000000e-02 00.0000000000000e+00 00.0000000000000e+00 01.8087063969897e+03 00.0000000000000e+00 00.0000000000000e+00 00.0000000000000e+00 00.0000000000000e+00
HY-2D 2024 145 02 40 2024 145 02 40     006 1 2024 145 02 40 37.000 06.9980000000000e+00 00.0000000000000e+00 01.2928986000000e-02 00.0000000000000e+00 00.0000000000000e+00 01.8475258645327e+03 00.0000000000000e+00 00.0000000000000e+00 00.0000000000000e+00 00.0000000000000e+00
HY-2D 2024 204 22 30 2024 204 22 30     006 1 2024 204 22 30 37.000 07.8720000000000e+00 00.0000000000000e+00 01.4672485000000e-02 00.0000000000000e+00 00.0000000000000e+00 01.8638827489837e+03 00.0000000000000e+00 00.0000000000000e+00 00.0000000000000e+00 00.0000000000000e+00
HY-2D 2024 228 08 30 2024 228 08 30     006 1 2024 228 08 30 37.000 01.2130000000000e+01 00.0000000000000e+00 02.1527511000000e-02 00.0000000000000e+00 00.0000000000000e+00 01.7747329760923e+03 00.0000000000000e+00 00.0000000000000e+00 00.0000000000000e+00 00.0000000000000e+00
HY-2D 2024 284 02 00 2024 284 02 00     006 1 2024 284 02 00 37.000 02.4488000000000e+01 00.0000000000000e+00 04.3057497000000e-02 00.0000000000000e+00 00.0000000000000e+00 01.7583100702385e+03 00.0000000000000e+00 00.0000000000000e+00 00.0000000000000e+00 00.0000000000000e+00
HY-2D 2024 309 23 15 2024 309 23 15     006 1 2024 309 23 15 37.000 01.4074000000000e+01 00.0000000000000e+00 -2.5159268000000e-02 00.0000000000000e+00 00.0000000000000e+00 -1.7876416086400e+03 00.0000000000000e+00 00.0000000000000e+00 00.0000000000000e+00 00.0000000000000e+00
