SEN3B 2018 120 09 20 2018 120 11 44     006 2 2018 120 09 20 36.000 03.1500000000000e+01 -1.2545649585000e-05 -1.8000381420000e-02 00.0000000000000e+00 -3.9827459000000e-01 -5.7144068000000e+02 00.0000000000000e+00 00.0000000000000e+00 00.0000000000000e+00 00.0000000000000e+00 2018 120 11 44 26.752 03.1504000000000e+01 01.0334316347520e-05 -1.7999713682720e-02 00.0000000000000e+00 03.2803188000000e-01 -5.7134693000000e+02 00.0000000000000e+00 00.0000000000000e+00 00.0000000000000e+00 00.0000000000000e+00
SEN3B 2018 121 11 19 2018 121 13 57     006 2 2018 121 11 19 43.375 01.4749000000000e+01 -3.8395055493900e-06 06.9998369051100e-03 00.0000000000000e+00 -2.6032311000000e-01 04.7459739000000e+02 00.0000000000000e+00 00.0000000000000e+00 00.0000000000000e+00 00.0000000000000e+00 2018 121 13 57 11.376 01.4751000000000e+01 03.2044632820200e-06 07.0001488566900e-03 00.0000000000000e+00 02.1723702000000e-01 04.7455419000000e+02 00.0000000000000e+00 00.0000000000000e+00 00.0000000000000e+00 00.0000000000000e+00
SEN3B 2018 122 15 08 2018 122 15 17     006 1 2018 122 15 12 51.438 05.3837500000000e+02 00.0000000000000e+00 06.5499999983750e-01 00.0000000000000e+00 00.0000000000000e+00 01.2166241000000e+03 00.0000000000000e+00 00.0000000000000e+00 00.0000000000000e+00 00.0000000000000e+00
SEN3B 2018 124 10 36 2018 124 10 37     006 1 2018 124 10 37 11.422 09.2583000000000e+01 -1.1073909105630e-17 -1.4366153178990e-17 02.9622987222030e-01 -1.1961061000000e-13 -1.5517053000000e-13 03.1996141000000e+03 00.0000000000000e+00 00.0000000000000e+00 00.0000000000000e+00
SEN3B 2018 128 09 25 2018 128 11 19     006 2 2018 128 09 31 29.439 07.6950000000000e+02 08.6979678390000e-04 01.0523000223000e+00 00.0000000000000e+00 01.1303402000000e+00 01.3675114000000e+03 00.0000000000000e+00 00.0000000000000e+00 00.0000000000000e+00 00.0000000000000e+00 2018 128 11 12 40.295 07.6950000000000e+02 09.5421431970000e-04 01.0369999768500e+00 00.0000000000000e+00 01.2400446000000e+00 01.3476283000000e+03 00.0000000000000e+00 00.0000000000000e+00 00.0000000000000e+00 00.0000000000000e+00
SEN3B 2018 130 11 31 2018 130 11 40     006 1 2018 130 11 36 04.422 05.3440500000000e+02 -1.0409500778970e-16 -1.2747961934880e-32 01.7000005017045e+00 -1.9478674000000e-13 -2.3854496000000e-29 03.1811089000000e+03 00.0000000000000e+00 00.0000000000000e+00 00.0000000000000e+00
SEN3B 2018 144 13 02 2018 144 13 13     006 1 2018 144 13 07 37.987 06.7000500000000e+02 03.3256979894565e-03 -2.0999952644895e+00 00.0000000000000e+00 04.9636913000000e+00 -3.1342979000000e+03 00.0000000000000e+00 00.0000000000000e+00 00.0000000000000e+00 00.0000000000000e+00
SEN3B 2018 149 05 04 2018 149 05 15     006 1 2018 149 05 10 19.386 06.6350200000000e+02 -1.6482390241016e-03 -2.0500007646356e+00 00.0000000000000e+00 -2.4841508000000e+00 -3.0896678000000e+03 00.0000000000000e+00 00.0000000000000e+00 00.0000000000000e+00 00.0000000000000e+00
SEN3B 2018 150 13 06 2018 150 13 14     006 1 2018 150 13 10 11.201 04.7745300000000e+02 -1.1535243949521e-03 -1.4449985177784e+00 00.0000000000000e+00 -2.4159957000000e+00 -3.0264728000000e+03 00.0000000000000e+00 00.0000000000000e+00 00.0000000000000e+00 00.0000000000000e+00
SEN3B 2018 156 04 32 2018 156 06 17     006 2 2018 156 04 34 24.581 02.5261000000000e+02 -4.5740436249600e-17 -5.6015878480600e-33 -7.4699800741700e-01 -1.8107136000000e-13 -2.2174846000000e-29 -2.9571197000000e+03 00.0000000000000e+00 00.0000000000000e+00 00.0000000000000e+00 2018 156 06 15 24.297 02.5251000000000e+02 -3.8117679876300e-17 02.4724981520910e-17 -7.4199962496000e-01 -1.5095513000000e-13 09.7916841000000e-14 -2.9384960000000e+03 00.0000000000000e+00 00.0000000000000e+00 00.0000000000000e+00
SEN3B 2018 157 14 31 2018 157 14 32     006 1 2018 157 14 32 13.670 06.7645000000000e+01 02.0039777134000e-04 -1.8479964608000e-01 00.0000000000000e+00 02.9624920000000e+00 -2.7319040000000e+03 00.0000000000000e+00 00.0000000000000e+00 00.0000000000000e+00 00.0000000000000e+00
SEN3B 2018 222 07 31 2018 222 07 31     006 1 2018 222 07 31 46.425 08.7500000000000e-01 -4.6334735125000e-07 01.9998438250000e-03 00.0000000000000e+00 -5.2953983000000e-01 02.2855358000000e+03 00.0000000000000e+00 00.0000000000000e+00 00.0000000000000e+00 00.0000000000000e+00
SEN3B 2018 235 04 21 2018 235 06 02     006 2 2018 235 04 21 35.309 03.8618000000000e+01 02.1208654176200e-05 02.4999687849740e-02 00.0000000000000e+00 05.4919090000000e-01 06.4735843000000e+02 00.0000000000000e+00 00.0000000000000e+00 00.0000000000000e+00 00.0000000000000e+00 2018 235 06 02 18.506 07.0110000000000e+00 -1.9566858277800e-05 -2.4000664455900e-02 00.0000000000000e+00 -2.7908798000000e+00 -3.4232869000000e+03 00.0000000000000e+00 00.0000000000000e+00 00.0000000000000e+00 00.0000000000000e+00
SEN3B 2018 242 09 03 2018 242 09 15     006 1 2018 242 09 09 38.407 07.2651700000000e+02 -1.4070270930199e-05 01.0545955126124e-02 02.1579801290564e+00 -1.9366747000000e-02 01.4515772000000e+01 02.9703092000000e+03 00.0000000000000e+00 00.0000000000000e+00 00.0000000000000e+00
SEN3B 2018 288 03 00 2018 288 03 01     006 1 2018 288 03 00 57.475 06.9500000000000e+00 -2.7539017770000e-06 -1.9999105940000e-02 00.0000000000000e+00 -3.9624486000000e-01 -2.8775692000000e+03 00.0000000000000e+00 00.0000000000000e+00 00.0000000000000e+00 00.0000000000000e+00
SEN3B 2018 289 10 45 2018 289 10 49     006 1 2018 289 10 47 25.288 01.9046400000000e+02 05.5546334330880e-04 -5.4400133406720e-01 00.0000000000000e+00 02.9163692000000e+00 -2.8561898000000e+03 00.0000000000000e+00 00.0000000000000e+00 00.0000000000000e+00 00.0000000000000e+00
SEN3B 2018 297 09 07 2018 297 09 17     006 1 2018 297 09 12 20.344 05.9495300000000e+02 -1.3411180645740e-03 -1.7279979139028e+00 00.0000000000000e+00 -2.2541580000000e+00 -2.9044276000000e+03 00.0000000000000e+00 00.0000000000000e+00 00.0000000000000e+00 00.0000000000000e+00
SEN3B 2018 302 15 14 2018 302 15 14     006 1 2018 302 15 14 29.873 03.3350000000000e+00 01.5990698687000e-06 -1.1002267718000e-02 00.0000000000000e+00 04.7948122000000e-01 -3.2990308000000e+03 00.0000000000000e+00 00.0000000000000e+00 00.0000000000000e+00 00.0000000000000e+00
SEN3B 2018 308 10 38 2018 308 12 19     006 2 2018 308 10 38 33.274 04.5470000000000e+00 01.5329827642600e-05 -1.4999100688200e-02 00.0000000000000e+00 03.3714158000000e+00 -3.2986806000000e+03 00.0000000000000e+00 00.0000000000000e+00 00.0000000000000e+00 00.0000000000000e+00 2018 308 12 19 36.698 02.5395000000000e+01 -1.5364600732800e-05 01.4999701501500e-02 00.0000000000000e+00 -6.0502464000000e-01 05.9065570000000e+02 00.0000000000000e+00 00.0000000000000e+00 00.0000000000000e+00 00.0000000000000e+00
SEN3B 2018 324 13 06 2018 324 14 59     006 2 2018 324 13 12 21.780 07.3044000000000e+02 -1.0260539619480e-03 07.0599914890200e-01 00.0000000000000e+00 -1.4047067000000e+00 09.6653955000000e+02 00.0000000000000e+00 00.0000000000000e+00 00.0000000000000e+00 00.0000000000000e+00 2018 324 14 53 16.466 07.2906800000000e+02 -9.7479278709280e-04 06.9999985470096e-01 00.0000000000000e+00 -1.3370396000000e+00 09.6012972000000e+02 00.0000000000000e+00 00.0000000000000e+00 00.0000000000000e+00 00.0000000000000e+00
SEN3B 2018 324 16 28 2018 324 16 40     006 1 2018 324 16 34 13.046 07.2790900000000e+02 -9.1451014634070e-04 06.9400032007488e-01 00.0000000000000e+00 -1.2563523000000e+00 09.5341632000000e+02 00.0000000000000e+00 00.0000000000000e+00 00.0000000000000e+00 00.0000000000000e+00
SEN3B 2018 326 20 04 2018 326 20 07     006 1 2018 326 20 06 10.625 02.0750000000000e+02 04.3843467650000e-05 02.4700036400000e-01 00.0000000000000e+00 02.1129382000000e-01 01.1903632000000e+03 00.0000000000000e+00 00.0000000000000e+00 00.0000000000000e+00 00.0000000000000e+00
SEN3B 2018 327 20 23 2018 327 20 27     006 1 2018 327 20 25 12.786 02.1755600000000e+02 -2.0229987897332e-04 01.5799937927864e-01 00.0000000000000e+00 -9.2987497000000e-01 07.2624694000000e+02 00.0000000000000e+00 00.0000000000000e+00 00.0000000000000e+00 00.0000000000000e+00
SEN3B 2018 331 08 32 2018 331 08 33     006 1 2018 331 08 32 56.106 01.4301000000000e+01 -1.3245590633310e-04 -3.4901873659800e-02 04.8575384392500e-04 -9.2620031000000e+00 -2.4405198000000e+03 03.3966425000000e+01 00.0000000000000e+00 00.0000000000000e+00 00.0000000000000e+00
SEN3B 2018 346 13 36 2018 346 13 45     006 1 2018 346 13 40 56.988 05.5162500000000e+02 -9.0536688765000e-04 01.0591425614625e-02 01.5322380885563e+00 -1.6412724000000e+00 01.9200409000000e+01 02.7776806500000e+03 00.0000000000000e+00 00.0000000000000e+00 00.0000000000000e+00
SEN3B 2019 044 09 38 2019 044 09 48     006 1 2019 044 09 43 10.427 05.8837500000000e+02 -1.1349057114000e-03 09.4319104291875e-03 01.6162104941438e+00 -1.9288816000000e+00 01.6030440500000e+01 02.7469054500000e+03 00.0000000000000e+00 00.0000000000000e+00 00.0000000000000e+00
SEN3B 2019 156 07 50 2019 156 07 50     006 1 2019 156 07 50 06.000 02.6240000000000e+00 -1.1516665414400e-04 05.2280221760000e-03 01.6669019040000e-03 -4.3889731000000e+01 01.9923865000000e+03 06.3525225000000e+02 00.0000000000000e+00 00.0000000000000e+00 00.0000000000000e+00
SEN3B 2019 170 06 46 2019 170 06 55     006 1 2019 170 06 51 08.355 05.7175000000000e+02 -1.5134634160000e-03 09.3184661190000e-03 01.5576064610750e+00 -2.6470720000000e+00 01.6298148000000e+01 02.7242789000000e+03 00.0000000000000e+00 00.0000000000000e+00 00.0000000000000e+00
SEN3B 2019 240 09 57 2019 240 09 57     006 1 2019 240 09 57 17.000 01.7500000000000e+00 -7.6504407000000e-05 03.4527071250000e-03 03.5667096500000e-04 -4.3716804000000e+01 01.9729755000000e+03 02.0381198000000e+02 00.0000000000000e+00 00.0000000000000e+00 00.0000000000000e+00
SEN3B 2019 283 17 44 2019 283 19 26     006 2 2019 283 17 44 58.000 06.5750000000000e+01 07.1636886800000e-05 03.5122019400000e-02 05.6427350237500e-03 01.0895344000000e+00 05.3417520000000e+02 08.5821065000000e+01 00.0000000000000e+00 00.0000000000000e+00 00.0000000000000e+00 2019 283 19 25 56.000 01.7000000000000e+01 02.2500902500000e-04 -4.1675032500000e-02 -2.0474392000000e-04 01.3235825000000e+01 -2.4514725000000e+03 -1.2043760000000e+01 00.0000000000000e+00 00.0000000000000e+00 00.0000000000000e+00
SEN3B 2019 289 07 02 2019 289 07 16     006 1 2019 289 07 09 32.370 08.0287500000000e+02 -1.5794600187000e-03 01.9699868890312e-02 02.1612939769875e+00 -1.9672552000000e+00 02.4536657500000e+01 02.6919433000000e+03 00.0000000000000e+00 00.0000000000000e+00 00.0000000000000e+00
SEN3B 2019 352 08 23 2019 352 08 23     006 1 2019 352 08 23 07.000 01.2500000000000e+00 -1.4075740000000e-04 02.4916767500000e-03 01.8781081250000e-04 -1.1260592000000e+02 01.9933414000000e+03 01.5024865000000e+02 00.0000000000000e+00 00.0000000000000e+00 00.0000000000000e+00
SEN3B 2020 036 08 42 2020 036 08 54     006 1 2020 036 08 48 58.961 07.1862500000000e+02 -1.0391614292125e-03 01.1494877574375e-02 01.9102500170062e+00 -1.4460413000000e+00 01.5995655000000e+01 02.6582014500000e+03 00.0000000000000e+00 00.0000000000000e+00 00.0000000000000e+00
SEN3B 2020 099 11 29 2020 099 11 40     006 1 2020 099 11 35 01.885 06.7375000000000e+02 -1.7541992160000e-03 08.7745046331250e-03 01.7730255764375e+00 -2.6036352000000e+00 01.3023383500000e+01 02.6315778500000e+03 00.0000000000000e+00 00.0000000000000e+00 00.0000000000000e+00
SEN3B 2020 148 07 04 2020 148 07 04     006 1 2020 148 07 04 37.000 02.8760000000000e+00 -9.7311257500000e-05 05.4946322244000e-03 02.6751501972400e-04 -3.3835625000000e+01 01.9105119000000e+03 09.3016349000000e+01 00.0000000000000e+00 00.0000000000000e+00 00.0000000000000e+00
SEN3B 2020 211 08 03 2020 211 08 03     006 1 2020 211 08 03 37.000 01.8760000000000e+00 -6.6572758420000e-05 03.5646033584000e-03 -6.9939186016000e-05 -3.5486545000000e+01 01.9001084000000e+03 -3.7281016000000e+01 00.0000000000000e+00 00.0000000000000e+00 00.0000000000000e+00
SEN3B 2020 281 09 28 2020 281 09 42     006 1 2020 281 09 35 36.158 08.8556800000000e+02 -1.6844294615008e-03 01.4814558147136e-02 02.2911539718304e+00 -1.9020893500000e+00 01.6728877000000e+01 02.5872140500000e+03 00.0000000000000e+00 00.0000000000000e+00 00.0000000000000e+00
SEN3B 2020 351 07 54 2020 351 07 54     006 1 2020 351 07 54 36.999 01.3750000000000e+01 01.7476681750000e-04 08.3510926125000e-03 05.0262081375000e-04 01.2710314000000e+01 06.0735219000000e+02 03.6554241000000e+01 00.0000000000000e+00 00.0000000000000e+00 00.0000000000000e+00
SEN3B 2021 013 08 50 2021 013 08 50     006 1 2021 013 08 50 37.000 01.2500000000000e+00 -1.4437308750000e-04 -3.6102837500000e-03 03.6133521250000e-04 -1.1549847000000e+02 -2.8882270000000e+03 02.8906817000000e+02 00.0000000000000e+00 00.0000000000000e+00 00.0000000000000e+00
SEN3B 2021 034 08 05 2021 034 08 18     006 1 2021 034 08 12 02.839 07.4425000000000e+02 -1.5845674178750e-03 01.4396755254375e-02 01.9184289252375e+00 -2.1290795000000e+00 01.9343977500000e+01 02.5776673500000e+03 00.0000000000000e+00 00.0000000000000e+00 00.0000000000000e+00
SEN3B 2021 104 11 07 2021 104 11 21     006 1 2021 104 11 14 32.970 07.9325000000000e+02 -1.5593493529250e-03 01.2039620887750e-02 02.0177233126750e+00 -1.9657729000000e+00 01.5177587000000e+01 02.5436159000000e+03 00.0000000000000e+00 00.0000000000000e+00 00.0000000000000e+00
SEN3B 2021 139 09 30 2021 139 09 30     006 1 2021 139 09 30 37.000 01.3376000000000e+01 -7.1589079654400e-05 07.5186034528000e-03 07.2427638483200e-05 -5.3520544000000e+00 05.6209655000000e+02 05.4147457000000e+00 00.0000000000000e+00 00.0000000000000e+00 00.0000000000000e+00
SEN3B 2021 202 07 10 2021 202 07 10     006 1 2021 202 07 10 37.000 01.2750000000000e+01 01.4689113075000e-04 06.2792594850000e-03 -1.9170877050000e-04 01.1520873000000e+01 04.9249094000000e+02 -1.5035982000000e+01 00.0000000000000e+00 00.0000000000000e+00 00.0000000000000e+00
SEN3B 2021 272 08 40 2021 272 08 40     006 1 2021 272 08 40 37.000 01.7500000000000e+00 -1.3838946975000e-04 03.2614662500000e-03 01.1542294925000e-04 -7.9079697000000e+01 01.8636950000000e+03 06.5955971000000e+01 00.0000000000000e+00 00.0000000000000e+00 00.0000000000000e+00
SEN3B 2021 293 12 51 2021 293 13 05     006 1 2021 293 12 58 37.407 08.7348700000000e+02 -1.6138330934198e-03 01.5532771658912e-02 02.1772563166610e+00 -1.8475754000000e+00 01.7782487500000e+01 02.4926030000000e+03 00.0000000000000e+00 00.0000000000000e+00 00.0000000000000e+00
SEN3B 2021 335 08 20 2021 335 08 20     006 1 2021 335 08 20 37.000 01.3750000000000e+01 -1.0654217062500e-04 08.1004757625000e-03 -5.1177828625000e-04 -7.7485215000000e+00 05.8912551000000e+02 -3.7220239000000e+01 00.0000000000000e+00 00.0000000000000e+00 00.0000000000000e+00
SEN3B 2022 012 08 23 2022 012 08 23     006 1 2022 012 08 23 37.000 03.1250000000000e+00 -3.3183765625000e-05 05.3752534375000e-03 -1.6447955312500e-04 -1.0618805000000e+01 01.7200811000000e+03 -5.2633457000000e+01 00.0000000000000e+00 00.0000000000000e+00 00.0000000000000e+00
SEN3B 2022 033 07 28 2022 033 07 41     006 1 2022 033 07 35 17.118 07.9283000000000e+02 -1.4097368106590e-03 01.6218960573010e-02 01.9350251775555e+00 -1.7781073000000e+00 02.0457047000000e+01 02.4406558500000e+03 00.0000000000000e+00 00.0000000000000e+00 00.0000000000000e+00
SEN3B 2022 075 07 44 2022 075 07 44     006 1 2022 075 07 44 37.000 01.4750000000000e+01 -2.2709746050000e-04 09.4548418925000e-03 03.0619255075000e-04 -1.5396438000000e+01 06.4100623000000e+02 02.0758817000000e+01 00.0000000000000e+00 00.0000000000000e+00 00.0000000000000e+00
SEN3B 2022 096 08 31 2022 096 08 45     006 1 2022 096 08 38 30.821 07.9658400000000e+02 -1.5682089521616e-03 01.6309262807460e-02 01.9228190736456e+00 -1.9686674000000e+00 02.0474002500000e+01 02.4138309000000e+03 00.0000000000000e+00 00.0000000000000e+00 00.0000000000000e+00
SEN3B 2022 117 09 30 2022 117 09 30     006 1 2022 117 09 30 37.000 02.6125000000000e+01 -1.3330746797500e-05 01.3489384328750e-02 01.0124657015000e-03 -5.1026782000000e-01 05.1634007000000e+02 03.8754668000000e+01 00.0000000000000e+00 00.0000000000000e+00 00.0000000000000e+00
SEN3B 2022 144 07 50 2022 144 07 50     006 1 2022 144 07 50 37.000 02.6500000000000e+01 -2.8276753450000e-04 01.4096024160000e-02 08.7406934850000e-04 -1.0670473000000e+01 05.3192544000000e+02 03.2983749000000e+01 00.0000000000000e+00 00.0000000000000e+00 00.0000000000000e+00
SEN3B 2022 180 08 53 2022 180 08 53     006 1 2022 180 08 53 37.000 02.5875000000000e+01 -2.2243914933750e-04 01.2973258732500e-02 01.5199109550000e-03 -8.5966821000000e+00 05.0138198000000e+02 05.8740520000000e+01 00.0000000000000e+00 00.0000000000000e+00 00.0000000000000e+00
SEN3B 2022 221 08 00 2022 221 08 00     006 1 2022 221 08 00 37.000 01.5376000000000e+01 -1.6315914891200e-05 01.0663586122720e-02 -3.2427262865600e-04 -1.0611287000000e+00 06.9352147000000e+02 -2.1089531000000e+01 00.0000000000000e+00 00.0000000000000e+00 00.0000000000000e+00
SEN3B 2022 264 07 45 2022 264 07 45     006 1 2022 264 07 45 37.000 01.4750000000000e+01 -4.4413928550000e-05 09.5891806150000e-03 02.6221058775000e-04 -3.0111138000000e+00 06.5011394000000e+02 01.7776989000000e+01 00.0000000000000e+00 00.0000000000000e+00 00.0000000000000e+00
SEN3B 2022 279 07 47 2022 279 08 02     006 1 2022 279 07 54 56.411 08.9805200000000e+02 -1.4800367539248e-03 01.5966612890476e-02 02.1357257580546e+00 -1.6480524000000e+00 01.7779163000000e+01 02.3781760500000e+03 00.0000000000000e+00 00.0000000000000e+00 00.0000000000000e+00
SEN3B 2022 293 08 40 2022 293 08 40     006 1 2022 293 08 40 37.001 02.6625000000000e+01 -2.0866286471250e-04 01.4323333567500e-02 03.0528139800000e-04 -7.8371029000000e+00 05.3796558000000e+02 01.1465968000000e+01 00.0000000000000e+00 00.0000000000000e+00 00.0000000000000e+00
SEN3B 2022 326 07 50 2022 326 07 50     006 1 2022 326 07 50 37.000 02.7375000000000e+01 -1.2061889280000e-04 01.5726789127500e-02 02.7113517832500e-04 -4.4061696000000e+00 05.7449458000000e+02 09.9044814000000e+00 00.0000000000000e+00 00.0000000000000e+00 00.0000000000000e+00
SEN3B 2022 355 08 35 2022 355 08 35     006 1 2022 355 08 35 37.000 02.5375000000000e+01 -9.5663854037500e-05 01.2103973962500e-02 -1.2220079812500e-04 -3.7700041000000e+00 04.7700390000000e+02 -4.8157950000000e+00 00.0000000000000e+00 00.0000000000000e+00 00.0000000000000e+00
SEN3B 2023 012 07 20 2023 012 07 20     006 1 2023 012 07 20 37.000 02.6500000000000e+01 -2.2527349225000e-04 01.4189727630000e-02 01.3210320755000e-03 -8.5008865000000e+00 05.3546142000000e+02 04.9850267000000e+01 00.0000000000000e+00 00.0000000000000e+00 00.0000000000000e+00
SEN3B 2023 023 07 25 2023 023 07 38     006 1 2023 023 07 32 14.868 07.5538700000000e+02 -1.2401229925285e-03 02.6245429558063e-02 01.7610579610227e+00 -1.6417055000000e+00 03.4744349000000e+01 02.3313321000000e+03 00.0000000000000e+00 00.0000000000000e+00 00.0000000000000e+00
SEN3B 2023 047 10 35 2023 047 10 35     006 1 2023 047 10 35 37.000 02.8000000000000e+01 05.0206998800000e-04 01.6913645560000e-02 -3.1462953200000e-04 01.7931071000000e+01 06.0405877000000e+02 -1.1236769000000e+01 00.0000000000000e+00 00.0000000000000e+00 00.0000000000000e+00
SEN3B 2023 066 07 20 2023 066 07 21     006 1 2023 066 07 20 37.000 05.0625000000000e+01 -8.1569748937500e-05 02.5221238818750e-02 07.3052259750000e-04 -1.6112543000000e+00 04.9819731000000e+02 01.4430076000000e+01 00.0000000000000e+00 00.0000000000000e+00 00.0000000000000e+00
SEN3B 2023 072 15 57 2023 072 18 05     006 2 2023 072 15 58 09.000 01.8124000000000e+01 -9.8551154832400e-05 -3.9270115378400e-02 01.7750283120000e-03 -5.4376051000000e+00 -2.1667466000000e+03 09.7938000000000e+01 00.0000000000000e+00 00.0000000000000e+00 00.0000000000000e+00 2023 072 18 05 09.000 07.6500000000000e+01 -7.8133657500000e-04 03.9945679110000e-02 02.1116981970000e-03 -1.0213550000000e+01 05.2216574000000e+02 02.7603898000000e+01 00.0000000000000e+00 00.0000000000000e+00 00.0000000000000e+00
SEN3B 2023 081 09 05 2023 081 09 05     006 1 2023 081 09 05 37.000 02.6375000000000e+01 -1.1668820378750e-04 01.3888652736250e-02 09.6746424987500e-04 -4.4241973000000e+00 05.2658399000000e+02 03.6681109000000e+01 00.0000000000000e+00 00.0000000000000e+00 00.0000000000000e+00
SEN3B 2023 095 09 35 2023 095 09 50     006 1 2023 095 09 43 25.522 08.9514000000000e+02 -1.7918399604780e-03 02.3938630554600e-02 02.0848118080590e+00 -2.0017427000000e+00 02.6742890000000e+01 02.3290343500000e+03 00.0000000000000e+00 00.0000000000000e+00 00.0000000000000e+00
SEN3B 2023 110 09 55 2023 110 09 55     006 1 2023 110 09 55 37.000 02.8375000000000e+01 -3.0767523250000e-04 01.6961979125000e-02 05.4783975700000e-04 -1.0843180000000e+01 05.9777900000000e+02 01.9307128000000e+01 00.0000000000000e+00 00.0000000000000e+00 00.0000000000000e+00
SEN3B 2023 131 09 10 2023 131 09 10     006 1 2023 131 09 10 37.000 03.8750000000000e+01 -4.6828262875000e-04 01.9686562400000e-02 09.1390933375000e-04 -1.2084713000000e+01 05.0804032000000e+02 02.3584757000000e+01 00.0000000000000e+00 00.0000000000000e+00 00.0000000000000e+00
SEN3B 2023 157 07 55 2023 157 07 55     006 1 2023 157 07 55 37.000 02.8375000000000e+01 -5.5093419262500e-04 01.7057798378750e-02 04.8073918125000e-04 -1.9416183000000e+01 06.0115589000000e+02 01.6942350000000e+01 00.0000000000000e+00 00.0000000000000e+00 00.0000000000000e+00
SEN3B 2023 180 08 00 2023 180 08 00     006 1 2023 180 08 00 37.000 03.7750000000000e+01 -1.8485237667500e-04 01.7988133587500e-02 08.9432822850000e-05 -4.8967517000000e+00 04.7650685000000e+02 02.3690814000000e+00 00.0000000000000e+00 00.0000000000000e+00 00.0000000000000e+00
SEN3B 2023 208 07 35 2023 208 07 35     006 1 2023 208 07 35 37.000 02.7500000000000e+01 -1.6929891275000e-04 01.6036630775000e-02 02.3903826100000e-04 -6.1563241000000e+00 05.8315021000000e+02 08.6923004000000e+00 00.0000000000000e+00 00.0000000000000e+00 00.0000000000000e+00
SEN3B 2023 222 15 20 2023 222 15 21     006 1 2023 222 15 20 46.376 02.5250000000000e+01 06.1862131350000e-05 01.2088798575000e-02 -1.0290611997500e-05 02.4499854000000e+00 04.7876430000000e+02 -4.0754899000000e-01 00.0000000000000e+00 00.0000000000000e+00 00.0000000000000e+00
SEN3B 2023 228 07 13 2023 228 07 13     006 1 2023 228 07 13 57.000 02.1240000000000e+00 01.9035758678400e-06 -5.4402213780000e-03 08.3078841168000e-05 08.9622216000000e-01 -2.5613095000000e+03 03.9114332000000e+01 00.0000000000000e+00 00.0000000000000e+00 00.0000000000000e+00
SEN3B 2023 243 07 24 2023 243 07 24     006 1 2023 243 07 24 37.000 02.6125000000000e+01 -3.6068279500000e-04 01.3484818462500e-02 04.5880790312500e-04 -1.3806040000000e+01 05.1616530000000e+02 01.7562025000000e+01 00.0000000000000e+00 00.0000000000000e+00 00.0000000000000e+00
SEN3B 2023 263 08 40 2023 263 08 54     006 1 2023 263 08 47 27.552 08.9187800000000e+02 -1.2858311259482e-03 02.2569142246820e-02 02.0429087674905e+00 -1.4417119000000e+00 02.5305190000000e+01 02.2905697500000e+03 00.0000000000000e+00 00.0000000000000e+00 00.0000000000000e+00
SEN3B 2023 271 08 40 2023 271 08 40     006 1 2023 271 08 40 37.000 02.6250000000000e+01 -3.4903863750000e-04 01.3491348675000e-02 02.2838328450000e-04 -1.3296710000000e+01 05.1395614000000e+02 08.7003156000000e+00 00.0000000000000e+00 00.0000000000000e+00 00.0000000000000e+00
SEN3B 2023 286 08 55 2023 286 08 55     006 1 2023 286 08 55 37.000 03.9125000000000e+01 -1.3543390668750e-04 02.0255713228750e-02 06.3893233837500e-04 -3.4615695000000e+00 05.1771791000000e+02 01.6330539000000e+01 00.0000000000000e+00 00.0000000000000e+00 00.0000000000000e+00
SEN3B 2023 305 09 05 2023 305 09 05     006 1 2023 305 09 05 37.000 02.6625000000000e+01 -3.0537051187500e-04 01.4468867947500e-02 01.3719706743750e-03 -1.1469315000000e+01 05.4343166000000e+02 05.1529415000000e+01 00.0000000000000e+00 00.0000000000000e+00 00.0000000000000e+00
SEN3B 2023 307 20 33 2023 307 22 14     006 2 2023 307 20 33 18.000 02.9624000000000e+01 01.4457113070960e-04 -6.1973858284800e-02 05.8754304190400e-05 04.8802029000000e+00 -2.0920152000000e+03 01.9833346000000e+00 00.0000000000000e+00 00.0000000000000e+00 00.0000000000000e+00 2023 307 22 13 18.000 01.1287500000000e+02 -8.8005518763750e-05 06.0890016915000e-02 08.3981594996250e-04 -7.7967237000000e-01 05.3944644000000e+02 07.4402299000000e+00 00.0000000000000e+00 00.0000000000000e+00 00.0000000000000e+00
SEN3B 2023 319 09 44 2023 319 09 44     006 1 2023 319 09 44 37.000 03.7750000000000e+01 -1.6480205685000e-04 01.8078768317500e-02 09.6671124875000e-04 -4.3656174000000e+00 04.7890777000000e+02 02.5608245000000e+01 00.0000000000000e+00 00.0000000000000e+00 00.0000000000000e+00
SEN3B 2023 321 07 28 2023 321 09 09     006 2 2023 321 07 29 20.000 07.6500000000000e+01 01.7133600960000e-05 04.1239312470000e-02 01.9127499255000e-06 02.2396864000000e-01 05.3907598000000e+02 02.5003267000000e-02 00.0000000000000e+00 00.0000000000000e+00 00.0000000000000e+00 2023 321 09 09 20.000 01.8375000000000e+01 -1.4365212093750e-04 -3.9875514000000e-02 06.8458552312500e-04 -7.8178025000000e+00 -2.1700960000000e+03 03.7256355000000e+01 00.0000000000000e+00 00.0000000000000e+00 00.0000000000000e+00
SEN3B 2023 341 08 34 2023 341 08 35     006 1 2023 341 08 35 20.000 04.0750000000000e+01 -6.9154115125000e-04 02.3270969247500e-02 -4.4913843150000e-05 -1.6970335000000e+01 05.7106673000000e+02 -1.1021802000000e+00 00.0000000000000e+00 00.0000000000000e+00 00.0000000000000e+00
SEN3B 2024 004 08 10 2024 004 08 10     006 1 2024 004 08 10 37.000 03.7750000000000e+01 -4.4209810200000e-04 01.8079124300000e-02 02.4740490432500e-04 -1.1711208000000e+01 04.7891720000000e+02 06.5537723000000e+00 00.0000000000000e+00 00.0000000000000e+00 00.0000000000000e+00
SEN3B 2024 017 08 59 2024 017 09 14     006 1 2024 017 09 07 16.628 08.7476800000000e+02 -1.1544625588176e-03 02.4752156714392e-02 02.0371689909408e+00 -1.3197357000000e+00 02.8295681500000e+01 02.3288106000000e+03 00.0000000000000e+00 00.0000000000000e+00 00.0000000000000e+00
SEN3B 2024 031 08 10 2024 031 08 10     006 1 2024 031 08 10 37.000 01.5750000000000e+01 -1.4762496262500e-04 01.1037578737500e-02 -1.6257819375000e-05 -9.3730135000000e+00 07.0079865000000e+02 -1.0322425000000e+00 00.0000000000000e+00 00.0000000000000e+00 00.0000000000000e+00
SEN3B 2024 041 05 44 2024 041 07 12     006 2 2024 041 05 44 38.000 07.7500000000000e+00 -2.3509358400000e-05 -1.9925267825000e-02 -1.1890625050000e-03 -3.0334656000000e+00 -2.5710023000000e+03 -1.5342742000000e+02 00.0000000000000e+00 00.0000000000000e+00 00.0000000000000e+00 2024 041 07 11 38.000 05.1750000000000e+01 -1.0721119432500e-04 02.7102334050000e-02 01.3127912055000e-03 -2.0717139000000e+00 05.2371660000000e+02 02.5367946000000e+01 00.0000000000000e+00 00.0000000000000e+00 00.0000000000000e+00
SEN3B 2024 056 15 45 2024 056 15 45     006 1 2024 056 15 45 37.000 02.6875000000000e+01 -5.1592160562500e-04 01.4863182737500e-02 03.4383754062500e-04 -1.9197083000000e+01 05.5304866000000e+02 01.2793955000000e+01 00.0000000000000e+00 00.0000000000000e+00 00.0000000000000e+00
SEN3B 2024 080 08 30 2024 080 08 30     006 1 2024 080 08 30 37.000 02.6500000000000e+01 -3.3051319400000e-04 01.4039363185000e-02 01.6387779405000e-04 -1.2472196000000e+01 05.2978729000000e+02 06.1840677000000e+00 00.0000000000000e+00 00.0000000000000e+00 00.0000000000000e+00
SEN3B 2024 088 08 13 2024 088 08 29     006 1 2024 088 08 21 22.227 09.5456600000000e+02 -1.6606368970084e-03 02.7600702195834e-02 02.1820946818885e+00 -1.7396774000000e+00 02.8914399000000e+01 02.2859547500000e+03 00.0000000000000e+00 00.0000000000000e+00 00.0000000000000e+00
SEN3B 2024 089 05 30 2024 089 08 01     006 2 2024 089 05 30 56.000 01.5000000000000e+01 -1.3082555100000e-04 -3.0260994000000e-02 01.9968793500000e-04 -8.7217034000000e+00 -2.0173996000000e+03 01.3312529000000e+01 00.0000000000000e+00 00.0000000000000e+00 00.0000000000000e+00 2024 089 08 00 56.000 05.3250000000000e+01 -8.5515985500000e-04 02.9290900012500e-02 06.6566456475000e-04 -1.6059340000000e+01 05.5006385000000e+02 01.2500743000000e+01 00.0000000000000e+00 00.0000000000000e+00 00.0000000000000e+00
SEN3B 2024 108 08 00 2024 108 08 00     006 1 2024 108 08 00 37.000 02.7500000000000e+01 -3.8563635000000e-04 01.5608816025000e-02 09.7686424000000e-04 -1.4023140000000e+01 05.6759331000000e+02 03.5522336000000e+01 00.0000000000000e+00 00.0000000000000e+00 00.0000000000000e+00
SEN3B 2024 116 07 50 2024 116 07 51     006 1 2024 116 07 50 37.000 05.0125000000000e+01 -5.3630547012500e-04 02.3550337020000e-02 01.7905800870000e-03 -1.0699361000000e+01 04.6983216000000e+02 03.5722296000000e+01 00.0000000000000e+00 00.0000000000000e+00 00.0000000000000e+00
SEN3B 2024 136 07 35 2024 136 07 36     006 1 2024 136 07 35 37.000 05.0625000000000e+01 -5.8546617750000e-04 02.4569487506250e-02 01.1307031987500e-03 -1.1564764000000e+01 04.8532321000000e+02 02.2334878000000e+01 00.0000000000000e+00 00.0000000000000e+00 00.0000000000000e+00
SEN3B 2024 145 07 05 2024 145 07 05     006 1 2024 145 07 05 37.000 04.0876000000000e+01 -4.7510301515600e-04 02.2784893904960e-02 02.0929610746880e-04 -1.1623031000000e+01 05.5741496000000e+02 05.1202688000000e+00 00.0000000000000e+00 00.0000000000000e+00 00.0000000000000e+00
SEN3B 2024 172 08 40 2024 172 08 40     006 1 2024 172 08 40 37.000 04.0500000000000e+01 -4.9521630150000e-04 02.2280998050000e-02 08.4223512450000e-04 -1.2227563000000e+01 05.5014810000000e+02 02.0795929000000e+01 00.0000000000000e+00 00.0000000000000e+00 00.0000000000000e+00
SEN3B 2024 192 08 25 2024 192 08 25     006 1 2024 192 08 25 37.000 03.8500000000000e+01 -3.1291942220000e-04 01.8877134430000e-02 01.1732173915000e-03 -8.1277772000000e+00 04.9031518000000e+02 03.0473179000000e+01 00.0000000000000e+00 00.0000000000000e+00 00.0000000000000e+00
SEN3B 2024 208 08 05 2024 208 08 05     006 1 2024 208 08 05 37.000 03.8500000000000e+01 -5.0008778050000e-04 01.8830236040000e-02 01.8487392000000e-03 -1.2989293000000e+01 04.8909704000000e+02 04.8019200000000e+01 00.0000000000000e+00 00.0000000000000e+00 00.0000000000000e+00
SEN3B 2024 226 13 47 2024 226 13 48     006 1 2024 226 13 47 37.000 05.2125000000000e+01 -2.2606471241250e-03 02.7377236365000e-02 09.6942992400000e-04 -4.3369729000000e+01 05.2522276000000e+02 01.8598176000000e+01 00.0000000000000e+00 00.0000000000000e+00 00.0000000000000e+00
SEN3B 2024 233 09 02 2024 233 09 03     006 1 2024 233 09 03 07.000 04.1000000000000e+01 -6.1583742500000e-04 02.2927751860000e-02 06.7489509600000e-04 -1.5020425000000e+01 05.5921346000000e+02 01.6460856000000e+01 00.0000000000000e+00 00.0000000000000e+00 00.0000000000000e+00
SEN3B 2024 247 07 33 2024 247 09 38     006 2 2024 247 07 33 45.000 01.8876000000000e+01 01.3255796525400e-04 -3.9937234880400e-02 08.9183591983200e-04 07.0225665000000e+00 -2.1157679000000e+03 04.7247082000000e+01 00.0000000000000e+00 00.0000000000000e+00 00.0000000000000e+00 2024 247 09 37 45.000 01.0100000000000e+02 -8.9672635880000e-04 05.1835989620000e-02 02.1255221740000e-03 -8.8784788000000e+00 05.1322762000000e+02 02.1044774000000e+01 00.0000000000000e+00 00.0000000000000e+00 00.0000000000000e+00
SEN3B 2024 256 07 25 2024 256 07 26     006 1 2024 256 07 25 37.000 05.0625000000000e+01 -2.4196849031250e-04 02.4806445918750e-02 01.1247661518750e-03 -4.7796245000000e+00 04.9000387000000e+02 02.2217603000000e+01 00.0000000000000e+00 00.0000000000000e+00 00.0000000000000e+00
SEN3B 2024 263 07 52 2024 263 07 52     006 1 2024 263 07 52 37.000 02.6375000000000e+01 -4.8585587950000e-04 01.3794632718750e-02 04.1360101312500e-04 -1.8421076000000e+01 05.2301925000000e+02 01.5681555000000e+01 00.0000000000000e+00 00.0000000000000e+00 00.0000000000000e+00
SEN3B 2024 277 08 13 2024 277 08 29     006 1 2024 277 08 21 28.633 09.6259800000000e+02 -9.1732975946430e-04 03.5322175042245e-02 02.1827564697939e+00 -9.5297285000000e-01 03.6694627500000e+01 02.2675680500000e+03 00.0000000000000e+00 00.0000000000000e+00 00.0000000000000e+00
SEN3B 2024 284 07 00 2024 284 07 01     006 1 2024 284 07 00 37.000 06.3500000000000e+01 -4.1632965375000e-03 03.2458900030000e-02 01.5583465785000e-03 -6.5563725000000e+01 05.1116378000000e+02 02.4540891000000e+01 00.0000000000000e+00 00.0000000000000e+00 00.0000000000000e+00
SEN3B 2024 297 08 05 2024 297 08 05     006 1 2024 297 08 05 37.000 03.8125000000000e+01 02.0773235468750e-04 01.7871161993750e-02 01.3490739412500e-03 05.4487175000000e+00 04.6875179000000e+02 03.5385546000000e+01 00.0000000000000e+00 00.0000000000000e+00 00.0000000000000e+00
SEN3B 2024 305 08 08 2024 305 08 09     006 1 2024 305 08 08 37.000 05.1125000000000e+01 -6.7455449750000e-04 02.5248324093750e-02 03.5788785282500e-04 -1.3194220000000e+01 04.9385475000000e+02 07.0002514000000e+00 00.0000000000000e+00 00.0000000000000e+00 00.0000000000000e+00
SEN3B 2024 317 09 30 2024 317 09 31     006 1 2024 317 09 30 37.000 06.6624000000000e+01 05.6859426662400e-15 03.5998022511360e-02 01.8793405184640e-10 08.5343760000000e-11 05.4031614000000e+02 02.8208161000000e-06 00.0000000000000e+00 00.0000000000000e+00 00.0000000000000e+00