HY-2C 2020 295 00 34 2020 295 00 34     006 1 2020 295 00 34 37.000 01.0378000000000e+01 00.0000000000000e+00 02.1877237000000e-02 00.0000000000000e+00 00.0000000000000e+00 02.1080397957217e+03 00.0000000000000e+00 00.0000000000000e+00 00.0000000000000e+00 00.0000000000000e+00
HY-2C 2020 323 06 19 2020 323 06 19     006 1 2020 323 06 19 37.000 02.5980000000000e+00 00.0000000000000e+00 05.0336580000000e-03 00.0000000000000e+00 00.0000000000000e+00 01.9375127020785e+03 00.0000000000000e+00 00.0000000000000e+00 00.0000000000000e+00 00.0000000000000e+00
HY-2C 2021 071 03 01 2021 071 03 01     006 1 2021 071 03 01 37.000 03.7480000000000e+00 00.0000000000000e+00 07.2955830000000e-03 00.0000000000000e+00 00.0000000000000e+00 01.9465269477054e+03 00.0000000000000e+00 00.0000000000000e+00 00.0000000000000e+00 00.0000000000000e+00
HY-2C 2021 131 01 56 2021 131 01 56     006 1 2021 131 01 56 37.001 02.6250000000000e+00 00.0000000000000e+00 05.0304000000000e-03 00.0000000000000e+00 00.0000000000000e+00 01.9163428571429e+03 00.0000000000000e+00 00.0000000000000e+00 00.0000000000000e+00 00.0000000000000e+00
HY-2C 2021 162 07 00 2021 162 07 00     006 1 2021 162 07 00 37.000 02.6500000000000e+00 00.0000000000000e+00 04.5265460000000e-03 00.0000000000000e+00 00.0000000000000e+00 01.7081305660377e+03 00.0000000000000e+00 00.0000000000000e+00 00.0000000000000e+00 00.0000000000000e+00
HY-2C 2021 245 10 15 2021 245 10 15     006 1 2021 245 10 15 37.000 03.4000000000000e+00 00.0000000000000e+00 06.0351350000000e-03 00.0000000000000e+00 00.0000000000000e+00 01.7750397058824e+03 00.0000000000000e+00 00.0000000000000e+00 00.0000000000000e+00 00.0000000000000e+00
HY-2C 2021 287 01 40 2021 287 01 40     006 1 2021 287 01 40 37.000 02.8320000000000e+00 00.0000000000000e+00 04.5264940000000e-03 00.0000000000000e+00 00.0000000000000e+00 01.5983382768362e+03 00.0000000000000e+00 00.0000000000000e+00 00.0000000000000e+00 00.0000000000000e+00
HY-2C 2022 005 06 43 2022 005 06 43     006 1 2022 005 06 43 37.000 04.7700000000000e+00 00.0000000000000e+00 09.0547090000000e-03 00.0000000000000e+00 00.0000000000000e+00 01.8982618448637e+03 00.0000000000000e+00 00.0000000000000e+00 00.0000000000000e+00 00.0000000000000e+00
HY-2C 2022 053 02 07 2022 053 02 07     006 1 2022 053 02 07 37.000 03.4480000000000e+00 00.0000000000000e+00 05.5374950000000e-03 00.0000000000000e+00 00.0000000000000e+00 01.6060020301624e+03 00.0000000000000e+00 00.0000000000000e+00 00.0000000000000e+00 00.0000000000000e+00
HY-2C 2022 104 07 55 2022 104 07 55     006 1 2022 104 07 55 37.000 06.4700000000000e+00 00.0000000000000e+00 01.1073992000000e-02 00.0000000000000e+00 00.0000000000000e+00 01.7115907264297e+03 00.0000000000000e+00 00.0000000000000e+00 00.0000000000000e+00 00.0000000000000e+00
HY-2C 2022 144 09 33 2022 144 09 33     006 1 2022 144 09 33 37.000 04.3280000000000e+00 00.0000000000000e+00 07.4080180000000e-03 00.0000000000000e+00 00.0000000000000e+00 01.7116492606285e+03 00.0000000000000e+00 00.0000000000000e+00 00.0000000000000e+00 00.0000000000000e+00
HY-2C 2022 189 11 35 2022 189 11 35     006 1 2022 189 11 35 37.000 04.5740000000000e+00 00.0000000000000e+00 07.9176130000000e-03 00.0000000000000e+00 00.0000000000000e+00 01.7310041539134e+03 00.0000000000000e+00 00.0000000000000e+00 00.0000000000000e+00 00.0000000000000e+00
HY-2C 2022 263 04 07 2022 263 04 07     006 1 2022 263 04 07 37.000 05.4480000000000e+00 00.0000000000000e+00 09.0614800000000e-03 00.0000000000000e+00 00.0000000000000e+00 01.6632672540382e+03 00.0000000000000e+00 00.0000000000000e+00 00.0000000000000e+00 00.0000000000000e+00
HY-2C 2022 292 00 25 2022 292 00 25     006 1 2022 292 00 25 37.000 05.6820000000000e+00 00.0000000000000e+00 09.6790780000000e-03 00.0000000000000e+00 00.0000000000000e+00 01.7034632171771e+03 00.0000000000000e+00 00.0000000000000e+00 00.0000000000000e+00 00.0000000000000e+00
HY-2C 2022 335 03 25 2022 335 03 25     006 1 2022 335 03 25 37.000 05.4040000000000e+00 00.0000000000000e+00 09.0607340000000e-03 00.0000000000000e+00 00.0000000000000e+00 01.6766717246484e+03 00.0000000000000e+00 00.0000000000000e+00 00.0000000000000e+00 00.0000000000000e+00
HY-2C 2023 031 01 20 2023 031 01 20     006 1 2023 031 01 20 37.000 01.1294000000000e+01 00.0000000000000e+00 01.9142211000000e-02 00.0000000000000e+00 00.0000000000000e+00 01.6949009208429e+03 00.0000000000000e+00 00.0000000000000e+00 00.0000000000000e+00 00.0000000000000e+00
HY-2C 2023 068 02 50 2023 068 02 50     006 1 2023 068 02 50 37.000 07.9020000000000e+00 00.0000000000000e+00 01.3206824000000e-02 00.0000000000000e+00 00.0000000000000e+00 01.6713267527208e+03 00.0000000000000e+00 00.0000000000000e+00 00.0000000000000e+00 00.0000000000000e+00
HY-2C 2023 114 02 50 2023 114 02 50     006 1 2023 114 02 50 37.000 01.0332000000000e+01 00.0000000000000e+00 01.7122105000000e-02 00.0000000000000e+00 00.0000000000000e+00 01.6571917344173e+03 00.0000000000000e+00 00.0000000000000e+00 00.0000000000000e+00 00.0000000000000e+00
HY-2C 2023 171 03 05 2023 171 03 05     006 1 2023 171 03 05 37.000 07.4940000000000e+00 00.0000000000000e+00 01.2577335000000e-02 00.0000000000000e+00 00.0000000000000e+00 01.6783206565252e+03 00.0000000000000e+00 00.0000000000000e+00 00.0000000000000e+00 00.0000000000000e+00
HY-2C 2023 206 03 15 2023 206 03 15     006 1 2023 206 03 15 37.000 06.4100000000000e+00 00.0000000000000e+00 01.0541812000000e-02 00.0000000000000e+00 00.0000000000000e+00 01.6445884555382e+03 00.0000000000000e+00 00.0000000000000e+00 00.0000000000000e+00 00.0000000000000e+00
HY-2C 2023 250 08 50 2023 250 08 50     006 1 2023 250 08 50 37.000 06.8880000000000e+00 00.0000000000000e+00 01.1868852000000e-02 00.0000000000000e+00 00.0000000000000e+00 01.7231202090592e+03 00.0000000000000e+00 00.0000000000000e+00 00.0000000000000e+00 00.0000000000000e+00
HY-2C 2023 283 03 00 2023 283 03 00     006 1 2023 283 03 00 37.000 07.3580000000000e+00 00.0000000000000e+00 01.1387787000000e-02 00.0000000000000e+00 00.0000000000000e+00 01.5476742321283e+03 00.0000000000000e+00 00.0000000000000e+00 00.0000000000000e+00 00.0000000000000e+00
HY-2C 2023 332 02 10 2023 332 02 10     006 1 2023 332 02 10 37.000 09.7300000000000e+00 00.0000000000000e+00 01.6079355000000e-02 00.0000000000000e+00 00.0000000000000e+00 01.6525544707091e+03 00.0000000000000e+00 00.0000000000000e+00 00.0000000000000e+00 00.0000000000000e+00
HY-2C 2023 363 07 05 2023 363 07 05     006 1 2023 363 07 05 37.000 07.4860000000000e+00 00.0000000000000e+00 01.2369828000000e-02 00.0000000000000e+00 00.0000000000000e+00 01.6523948704248e+03 00.0000000000000e+00 00.0000000000000e+00 00.0000000000000e+00 00.0000000000000e+00
HY-2C 2024 050 03 30 2024 050 03 30     006 1 2024 050 03 30 37.000 01.0278000000000e+01 00.0000000000000e+00 01.7115771000000e-02 00.0000000000000e+00 00.0000000000000e+00 01.6652822533567e+03 00.0000000000000e+00 00.0000000000000e+00 00.0000000000000e+00 00.0000000000000e+00
HY-2C 2024 100 08 10 2024 100 08 10     006 1 2024 100 08 10 37.000 01.0660000000000e+01 00.0000000000000e+00 01.7928905000000e-02 00.0000000000000e+00 00.0000000000000e+00 01.6818860225141e+03 00.0000000000000e+00 00.0000000000000e+00 00.0000000000000e+00 00.0000000000000e+00
HY-2C 2024 136 02 00 2024 136 02 00     006 1 2024 136 02 00 37.000 01.0808000000000e+01 00.0000000000000e+00 01.8493793000000e-02 00.0000000000000e+00 00.0000000000000e+00 01.7111207438934e+03 00.0000000000000e+00 00.0000000000000e+00 00.0000000000000e+00 00.0000000000000e+00
HY-2C 2024 185 11 02 2024 185 11 02     006 1 2024 185 11 02 37.000 07.1420000000000e+00 00.0000000000000e+00 01.4243527000000e-02 00.0000000000000e+00 00.0000000000000e+00 01.9943330999720e+03 00.0000000000000e+00 00.0000000000000e+00 00.0000000000000e+00 00.0000000000000e+00
HY-2C 2024 212 06 00 2024 212 06 00     006 1 2024 212 06 00 37.000 07.4720000000000e+00 00.0000000000000e+00 01.4061615000000e-02 00.0000000000000e+00 00.0000000000000e+00 01.8819077890792e+03 00.0000000000000e+00 00.0000000000000e+00 00.0000000000000e+00 00.0000000000000e+00
HY-2C 2024 233 12 32 2024 233 12 32     006 1 2024 233 12 32 37.000 08.8480000000000e+00 00.0000000000000e+00 01.6014827000000e-02 00.0000000000000e+00 00.0000000000000e+00 01.8099940099458e+03 00.0000000000000e+00 00.0000000000000e+00 00.0000000000000e+00 00.0000000000000e+00
HY-2C 2024 271 03 00 2024 271 03 00     006 1 2024 271 03 00 37.000 01.2088000000000e+01 00.0000000000000e+00 02.2753121000000e-02 00.0000000000000e+00 00.0000000000000e+00 01.8822899569821e+03 00.0000000000000e+00 00.0000000000000e+00 00.0000000000000e+00 00.0000000000000e+00
HY-2C 2024 290 08 32 2024 290 08 32     006 1 2024 290 08 32 37.000 07.1840000000000e+00 00.0000000000000e+00 01.4044772000000e-02 00.0000000000000e+00 00.0000000000000e+00 01.9550072383073e+03 00.0000000000000e+00 00.0000000000000e+00 00.0000000000000e+00 00.0000000000000e+00
HY-2C 2024 317 05 30 2024 317 05 30     006 1 2024 317 05 30 37.000 01.5672000000000e+01 00.0000000000000e+00 02.9436762000000e-02 00.0000000000000e+00 00.0000000000000e+00 01.8783028330781e+03 00.0000000000000e+00 00.0000000000000e+00 00.0000000000000e+00 00.0000000000000e+00
