SEN3A 2016 053 09 30 2016 053 12 11     006 2 2016 053 09 30 26.812 03.1623000000000e+01 -1.0220351529030e-06 -1.7999717679690e-02 00.0000000000000e+00 -3.2319361000000e-02 -5.6919703000000e+02 00.0000000000000e+00 00.0000000000000e+00 00.0000000000000e+00 00.0000000000000e+00 2016 053 12 10 51.815 03.1629000000000e+01 -1.0591773394020e-05 -1.8000201802440e-02 00.0000000000000e+00 -3.3487538000000e-01 -5.6910436000000e+02 00.0000000000000e+00 00.0000000000000e+00 00.0000000000000e+00 00.0000000000000e+00
SEN3A 2016 054 10 45 2016 054 13 24     006 2 2016 054 10 45 13.313 01.4625000000000e+01 05.0444640675000e-07 07.0000846987500e-03 00.0000000000000e+00 03.4492062000000e-02 04.7863827000000e+02 00.0000000000000e+00 00.0000000000000e+00 00.0000000000000e+00 00.0000000000000e+00 2016 054 13 24 03.313 01.4626000000000e+01 02.0619518335200e-06 06.9999313475600e-03 00.0000000000000e+00 01.4097852000000e-01 04.7859506000000e+02 00.0000000000000e+00 00.0000000000000e+00 00.0000000000000e+00 00.0000000000000e+00
SEN3A 2016 055 19 29 2016 055 19 32     006 1 2016 055 19 31 10.882 01.7045300000000e+02 05.4293633869620e-04 -5.7499931503470e-01 00.0000000000000e+00 03.1852554000000e+00 -3.3733599000000e+03 00.0000000000000e+00 00.0000000000000e+00 00.0000000000000e+00 00.0000000000000e+00
SEN3A 2016 057 09 27 2016 057 12 08     006 2 2016 057 09 27 33.352 01.4704000000000e+01 06.5328500116800e-07 07.0001840088000e-03 00.0000000000000e+00 04.4429067000000e-02 04.7607345000000e+02 00.0000000000000e+00 00.0000000000000e+00 00.0000000000000e+00 00.0000000000000e+00 2016 057 12 08 18.353 01.4705000000000e+01 03.1374230668500e-06 07.0000312964500e-03 00.0000000000000e+00 02.1335757000000e-01 04.7603069000000e+02 00.0000000000000e+00 00.0000000000000e+00 00.0000000000000e+00 00.0000000000000e+00
SEN3A 2016 062 12 59 2016 062 15 33     006 2 2016 062 12 59 36.478 06.9242000000000e+01 02.8460279602500e-04 -2.0999867477240e-01 00.0000000000000e+00 04.1102625000000e+00 -3.0328222000000e+03 00.0000000000000e+00 00.0000000000000e+00 00.0000000000000e+00 00.0000000000000e+00 2016 062 15 33 32.917 03.4595000000000e+01 -5.4020192825500e-05 -1.0649817514600e-01 00.0000000000000e+00 -1.5615029000000e+00 -3.0784268000000e+03 00.0000000000000e+00 00.0000000000000e+00 00.0000000000000e+00 00.0000000000000e+00
SEN3A 2016 067 12 21 2016 067 12 22     006 1 2016 067 12 22 00.159 05.3652000000000e+01 01.2587355273720e-05 -1.0762857850440e-02 01.5391614402840e-01 02.3461111000000e-01 -2.0060497000000e+02 02.8687867000000e+03 00.0000000000000e+00 00.0000000000000e+00 00.0000000000000e+00
SEN3A 2016 081 11 16 2016 081 11 20     006 1 2016 081 11 18 23.636 02.7721200000000e+02 -1.3937986501920e-05 01.1320719065604e-02 08.6479047203640e-01 -5.0279160000000e-02 04.0837767000000e+01 03.1195997000000e+03 00.0000000000000e+00 00.0000000000000e+00 00.0000000000000e+00
SEN3A 2016 083 13 27 2016 083 13 27     006 1 2016 083 13 27 04.218 01.1100000000000e+00 03.5896479810000e-07 -4.0030300740000e-03 00.0000000000000e+00 03.2339171000000e-01 -3.6063334000000e+03 00.0000000000000e+00 00.0000000000000e+00 00.0000000000000e+00 00.0000000000000e+00
SEN3A 2016 104 09 11 2016 104 10 52     006 2 2016 104 09 11 31.871 05.5470000000000e+00 -1.5859229672100e-06 -2.0001781413900e-02 00.0000000000000e+00 -2.8590643000000e-01 -3.6058737000000e+03 00.0000000000000e+00 00.0000000000000e+00 00.0000000000000e+00 00.0000000000000e+00 2016 104 10 52 30.602 02.5833000000000e+01 01.5656907006120e-06 02.0000149105230e-02 00.0000000000000e+00 06.0608164000000e-02 07.7420931000000e+02 00.0000000000000e+00 00.0000000000000e+00 00.0000000000000e+00 00.0000000000000e+00
SEN3A 2016 110 12 03 2016 110 12 11     006 1 2016 110 12 07 21.160 04.4873200000000e+02 -1.9903506065072e-05 01.5360841255120e-02 01.2572404901500e+00 -4.4354996000000e-02 03.4231660000000e+01 02.8017625000000e+03 00.0000000000000e+00 00.0000000000000e+00 00.0000000000000e+00
SEN3A 2016 154 11 14 2016 154 11 14     006 1 2016 154 11 14 21.874 01.2943000000000e+01 -4.5346539545300e-06 09.8558516893200e-03 00.0000000000000e+00 -3.5035571000000e-01 07.6148124000000e+02 00.0000000000000e+00 00.0000000000000e+00 00.0000000000000e+00 00.0000000000000e+00
SEN3A 2016 203 12 45 2016 203 12 45     006 1 2016 203 12 45 34.890 02.3750000000000e+00 01.3773240837500e-04 05.6720989750000e-03 09.5600024750000e-04 05.7992593000000e+01 02.3882522000000e+03 04.0252642000000e+02 00.0000000000000e+00 00.0000000000000e+00 00.0000000000000e+00
SEN3A 2016 244 07 25 2016 244 07 34     006 1 2016 244 07 30 23.732 05.4725000000000e+02 -6.0413929166250e-03 01.6076432457250e-02 01.6285366761125e+00 -1.1039548500000e+01 02.9376761000000e+01 02.9758550500000e+03 00.0000000000000e+00 00.0000000000000e+00 00.0000000000000e+00
SEN3A 2016 266 07 59 2016 266 07 59     006 1 2016 266 07 59 10.307 01.0000000000000e+00 01.9645773000000e-05 -3.5367792000000e-03 02.8766908000000e-04 01.9645773000000e+01 -3.5367792000000e+03 02.8766908000000e+02 00.0000000000000e+00 00.0000000000000e+00 00.0000000000000e+00
SEN3A 2016 306 12 05 2016 306 12 05     006 1 2016 306 12 05 42.767 01.3250000000000e+01 -2.6047252800000e-04 08.2419530175000e-03 01.9165886500000e-03 -1.9658304000000e+01 06.2203419000000e+02 01.4464820000000e+02 00.0000000000000e+00 00.0000000000000e+00 00.0000000000000e+00
SEN3A 2016 336 08 00 2016 336 08 00     006 1 2016 336 08 00 43.000 01.7500000000000e+00 -1.6778254500000e-06 04.2700801500000e-03 05.4157482750000e-04 -9.5875740000000e-01 02.4400458000000e+03 03.0947133000000e+02 00.0000000000000e+00 00.0000000000000e+00 00.0000000000000e+00
SEN3A 2016 349 08 46 2016 349 08 58     006 1 2016 349 08 52 29.198 06.9862500000000e+02 -5.6691445134375e-03 01.1798804462625e-02 02.1270429667125e+00 -8.1147175000000e+00 01.6888609000000e+01 03.0446133000000e+03 00.0000000000000e+00 00.0000000000000e+00 00.0000000000000e+00
SEN3A 2017 054 09 40 2017 054 09 40     006 1 2017 054 09 40 55.544 01.7500000000000e+00 -2.9525074250000e-05 04.0241012000000e-03 01.2446422975000e-03 -1.6871471000000e+01 02.2994864000000e+03 07.1122417000000e+02 00.0000000000000e+00 00.0000000000000e+00 00.0000000000000e+00
SEN3A 2017 074 07 42 2017 074 07 55     006 1 2017 074 07 49 15.322 07.5444900000000e+02 -6.0429111360837e-03 01.0777013502135e-02 02.0977050814785e+00 -8.0097013000000e+00 01.4284615000000e+01 02.7804465000000e+03 00.0000000000000e+00 00.0000000000000e+00 00.0000000000000e+00
SEN3A 2017 117 10 58 2017 117 10 58     006 1 2017 117 10 58 37.000 01.2750000000000e+01 -1.0432641855000e-04 08.1172556250000e-03 01.2359661937500e-04 -8.1824642000000e+00 06.3664750000000e+02 09.6938525000000e+00 00.0000000000000e+00 00.0000000000000e+00 00.0000000000000e+00
SEN3A 2017 143 14 35 2017 143 14 35     006 1 2017 143 14 35 37.000 03.7600000000000e-01 09.0661022240000e-05 -1.2985237832000e-03 01.4057174352000e-04 02.4111974000000e+02 -3.4535207000000e+03 03.7386102000000e+02 00.0000000000000e+00 00.0000000000000e+00 00.0000000000000e+00
SEN3A 2017 193 09 45 2017 193 09 45     006 1 2017 193 09 45 03.136 02.3750000000000e+00 -1.1097514300000e-04 05.5900137500000e-03 08.1862195875000e-04 -4.6726376000000e+01 02.3536900000000e+03 03.4468293000000e+02 00.0000000000000e+00 00.0000000000000e+00 00.0000000000000e+00
SEN3A 2017 249 10 26 2017 249 10 40     006 1 2017 249 10 33 24.223 08.0710800000000e+02 -7.7194666685874e-03 01.3914910364802e-02 02.0482321929792e+00 -9.5643540500000e+00 01.7240456500000e+01 02.5377424000000e+03 00.0000000000000e+00 00.0000000000000e+00 00.0000000000000e+00
SEN3A 2017 270 08 08 2017 270 08 08     006 1 2017 270 08 08 18.153 01.8750000000000e+00 -9.4589529375000e-05 04.3278969375000e-03 06.1555468125000e-04 -5.0447749000000e+01 02.3082117000000e+03 03.2829583000000e+02 00.0000000000000e+00 00.0000000000000e+00 00.0000000000000e+00
SEN3A 2017 333 09 20 2017 333 09 20     006 1 2017 333 09 20 39.770 02.2500000000000e+00 -4.8866184000000e-05 05.1676519500000e-03 03.0604020750000e-04 -2.1718304000000e+01 02.2967342000000e+03 01.3601787000000e+02 00.0000000000000e+00 00.0000000000000e+00 00.0000000000000e+00
SEN3A 2017 347 08 09 2017 347 08 20     006 1 2017 347 08 14 56.485 06.7572700000000e+02 -5.7329094927832e-03 01.1950178612567e-02 01.8244923616972e+00 -8.4840616000000e+00 01.7684921000000e+01 02.7000436000000e+03 00.0000000000000e+00 00.0000000000000e+00 00.0000000000000e+00
SEN3A 2018 059 10 05 2018 059 10 05     006 1 2018 059 10 05 37.000 01.0000000000000e+00 01.5098906000000e-04 -3.2188110000000e-03 -7.2387847000000e-04 01.5098906000000e+02 -3.2188110000000e+03 -7.2387847000000e+02 00.0000000000000e+00 00.0000000000000e+00 00.0000000000000e+00
SEN3A 2018 073 08 46 2018 073 08 59     006 1 2018 073 08 52 36.696 07.7910800000000e+02 -5.3615857316516e-03 01.5807167559062e-02 02.1025468551274e+00 -6.8816977000000e+00 02.0288801500000e+01 02.6986590500000e+03 00.0000000000000e+00 00.0000000000000e+00 00.0000000000000e+00
SEN3A 2018 144 08 12 2018 144 08 12     006 1 2018 144 08 12 29.019 03.2500000000000e+00 -4.0835889250000e-05 06.8310008000000e-03 -2.9471388050000e-05 -1.2564889000000e+01 02.1018464000000e+03 -9.0681194000000e+00 00.0000000000000e+00 00.0000000000000e+00 00.0000000000000e+00
SEN3A 2018 213 08 15 2018 213 08 15     006 1 2018 213 08 15 37.000 01.5000000000000e+00 -2.2770123000000e-04 03.3474150000000e-03 09.8126650500000e-04 -1.5180082000000e+02 02.2316100000000e+03 06.5417767000000e+02 00.0000000000000e+00 00.0000000000000e+00 00.0000000000000e+00
SEN3A 2018 241 07 48 2018 241 08 01     006 1 2018 241 07 55 10.951 08.0487000000000e+02 -4.7523212714340e-03 01.2662458715610e-02 02.1359524561155e+00 -5.9044582000000e+00 01.5732303000000e+01 02.6537856500000e+03 00.0000000000000e+00 00.0000000000000e+00 00.0000000000000e+00
SEN3A 2018 332 13 45 2018 332 13 45     006 1 2018 332 13 45 37.000 08.7600000000000e-01 -2.0123170656000e-04 01.9661992572000e-03 03.8259160716000e-04 -2.2971656000000e+02 02.2445197000000e+03 04.3674841000000e+02 00.0000000000000e+00 00.0000000000000e+00 00.0000000000000e+00
SEN3A 2018 353 09 31 2018 353 09 43     006 1 2018 353 09 37 51.498 07.2575500000000e+02 -4.9194491280910e-03 01.2842593247970e-02 01.8972372958085e+00 -6.7783882000000e+00 01.7695494000000e+01 02.6141567000000e+03 00.0000000000000e+00 00.0000000000000e+00 00.0000000000000e+00
SEN3A 2019 058 09 15 2019 058 09 15     006 1 2019 058 09 15 37.000 01.0000000000000e+00 01.9472412000000e-04 -3.0583716000000e-03 02.0381409000000e-05 01.9472412000000e+02 -3.0583716000000e+03 02.0381409000000e+01 00.0000000000000e+00 00.0000000000000e+00 00.0000000000000e+00
SEN3A 2019 072 08 08 2019 072 08 22     006 1 2019 072 08 15 15.379 08.2898200000000e+02 -4.9661423446712e-03 01.4879547549251e-02 02.1324279100355e+00 -5.9906516000000e+00 01.7949180500000e+01 02.5723452500000e+03 00.0000000000000e+00 00.0000000000000e+00 00.0000000000000e+00
SEN3A 2019 164 08 23 2019 164 08 23     006 1 2019 164 08 23 38.184 02.6250000000000e+00 -1.5440875275000e-04 05.6770814625000e-03 02.7021424500000e-04 -5.8822382000000e+01 02.1626977000000e+03 01.0293876000000e+02 00.0000000000000e+00 00.0000000000000e+00 00.0000000000000e+00
SEN3A 2019 240 12 12 2019 240 12 25     006 1 2019 240 12 18 57.864 07.3893000000000e+02 -3.8421948132480e-03 01.1823120152250e-02 01.8761798100885e+00 -5.1996736000000e+00 01.6000325000000e+01 02.5390494500000e+03 00.0000000000000e+00 00.0000000000000e+00 00.0000000000000e+00
SEN3A 2019 331 08 05 2019 331 08 05     006 1 2019 331 08 05 37.000 01.5000000000000e+00 -8.3019300000000e-05 03.2154478500000e-03 -1.7878905000000e-05 -5.5346200000000e+01 02.1436319000000e+03 -1.1919270000000e+01 00.0000000000000e+00 00.0000000000000e+00 00.0000000000000e+00
SEN3A 2019 345 11 57 2019 345 12 11     006 1 2019 345 12 04 33.349 08.4892200000000e+02 -4.1800925222454e-03 01.1112432699483e-02 02.1515355916572e+00 -4.9240007000000e+00 01.3090051500000e+01 02.5344326000000e+03 00.0000000000000e+00 00.0000000000000e+00 00.0000000000000e+00
SEN3A 2020 071 09 11 2020 071 09 26     006 1 2020 071 09 18 54.486 08.8944700000000e+02 -4.1382325735088e-03 01.2173630722227e-02 02.2117931915820e+00 -4.6525904000000e+00 01.3686741000000e+01 02.4867060000000e+03 00.0000000000000e+00 00.0000000000000e+00 00.0000000000000e+00
SEN3A 2020 169 10 13 2020 169 10 13     006 1 2020 169 10 13 16.770 03.3750000000000e+00 -5.8284832500000e-05 06.3622715625000e-03 03.0832058362500e-05 -1.7269580000000e+01 01.8851175000000e+03 09.1354247000000e+00 00.0000000000000e+00 00.0000000000000e+00 00.0000000000000e+00
SEN3A 2020 246 08 34 2020 246 08 47     006 1 2020 246 08 41 01.811 07.7465000000000e+02 -3.5659340280650e-03 01.0942165968950e-02 01.8812443806525e+00 -4.6032841000000e+00 01.4125303000000e+01 02.4285088500000e+03 00.0000000000000e+00 00.0000000000000e+00 00.0000000000000e+00
SEN3A 2020 337 07 47 2020 337 07 47     006 1 2020 337 07 47 37.000 01.3376000000000e+01 -5.0165571104000e-05 08.2049859372800e-03 06.7576858835200e-04 -3.7504165000000e+00 06.1341103000000e+02 05.0520977000000e+01 00.0000000000000e+00 00.0000000000000e+00 00.0000000000000e+00
SEN3A 2020 351 11 39 2020 351 11 55     006 1 2020 351 11 47 20.718 09.9763100000000e+02 -4.1116821946629e-03 01.3146449605693e-02 02.3977577732780e+00 -4.1214459000000e+00 01.3177667500000e+01 02.4034515500000e+03 00.0000000000000e+00 00.0000000000000e+00 00.0000000000000e+00
SEN3A 2021 027 08 23 2021 027 08 23     006 1 2021 027 08 23 37.000 01.0000000000000e+00 03.7578715000000e-05 -2.8287295000000e-03 04.3764293000000e-04 03.7578715000000e+01 -2.8287295000000e+03 04.3764293000000e+02 00.0000000000000e+00 00.0000000000000e+00 00.0000000000000e+00
SEN3A 2021 076 07 11 2021 076 07 26     006 1 2021 076 07 19 16.507 08.9057100000000e+02 -4.3116131111130e-03 01.5915743890118e-02 02.0998787858136e+00 -4.8414030000000e+00 01.7871392500000e+01 02.3579016000000e+03 00.0000000000000e+00 00.0000000000000e+00 00.0000000000000e+00
SEN3A 2021 152 09 30 2021 152 09 30     006 1 2021 152 09 30 37.000 01.3000000000000e+01 -1.4885908700000e-04 07.3396681800000e-03 01.6722570800000e-04 -1.1450699000000e+01 05.6458986000000e+02 01.2863516000000e+01 00.0000000000000e+00 00.0000000000000e+00 00.0000000000000e+00
SEN3A 2021 222 09 15 2021 222 09 15     006 1 2021 222 09 15 37.000 03.1250000000000e+00 -1.6754437812500e-04 05.8809803125000e-03 04.2459846875000e-04 -5.3614201000000e+01 01.8819137000000e+03 01.3587151000000e+02 00.0000000000000e+00 00.0000000000000e+00 00.0000000000000e+00
SEN3A 2021 251 06 33 2021 251 06 48     006 1 2021 251 06 40 49.636 08.9586200000000e+02 -2.0174268451766e-03 01.0623936528007e-02 02.0055755763648e+00 -2.2519393000000e+00 01.1858898500000e+01 02.2387104000000e+03 00.0000000000000e+00 00.0000000000000e+00 00.0000000000000e+00
SEN3A 2021 308 07 10 2021 308 07 10     006 1 2021 308 07 10 37.000 01.4125000000000e+01 09.6260050050000e-05 09.3448124150000e-03 02.8035107900000e-05 06.8148708000000e+00 06.6157964000000e+02 01.9847864000000e+00 00.0000000000000e+00 00.0000000000000e+00 00.0000000000000e+00
SEN3A 2021 334 02 42 2021 334 02 42     006 1 2021 334 02 42 37.000 04.1750000000000e+01 -7.5743292550000e-05 -1.4961137132500e-02 01.0203385205000e-04 -1.8142106000000e+00 -3.5835059000000e+02 02.4439246000000e+00 00.0000000000000e+00 00.0000000000000e+00 00.0000000000000e+00
SEN3A 2021 337 02 55 2021 337 02 56     006 1 2021 337 02 55 37.000 05.1500000000000e+01 -7.0311693400000e-04 02.9537513425000e-02 09.0230183600000e-04 -1.3652756000000e+01 05.7354395000000e+02 01.7520424000000e+01 00.0000000000000e+00 00.0000000000000e+00 00.0000000000000e+00
SEN3A 2021 341 03 00 2021 341 03 01     006 1 2021 341 03 01 19.000 04.1750000000000e+01 -1.3124479900000e-04 -1.4646232330000e-02 02.4372428395000e-04 -3.1435880000000e+00 -3.5080796000000e+02 05.8377074000000e+00 00.0000000000000e+00 00.0000000000000e+00 00.0000000000000e+00
SEN3A 2021 349 07 39 2021 349 07 53     006 1 2021 349 07 46 39.614 08.3276700000000e+02 -2.2463931463350e-03 01.2334953131670e-02 01.8916294493714e+00 -2.6975050000000e+00 01.4812010000000e+01 02.2714990500000e+03 00.0000000000000e+00 00.0000000000000e+00 00.0000000000000e+00
SEN3A 2022 007 00 09 2022 007 02 12     006 2 2022 007 00 10 37.000 01.8837500000000e+02 -3.1412024792500e-04 01.2248148904750e-01 03.4790057596250e-03 -1.6675262000000e+00 06.5020034000000e+02 01.8468511000000e+01 00.0000000000000e+00 00.0000000000000e+00 00.0000000000000e+00 2022 007 02 11 59.649 05.4500000000000e+01 -1.5536068660000e-04 -1.1265178885000e-01 03.3737865845000e-04 -2.8506548000000e+00 -2.0670053000000e+03 06.1904341000000e+00 00.0000000000000e+00 00.0000000000000e+00 00.0000000000000e+00
SEN3A 2022 019 07 30 2022 019 07 30     006 1 2022 019 07 30 37.000 01.2500000000000e+00 -8.7767382500000e-05 -3.3021272500000e-03 05.6438630000000e-04 -7.0213906000000e+01 -2.6417018000000e+03 04.5150904000000e+02 00.0000000000000e+00 00.0000000000000e+00 00.0000000000000e+00
SEN3A 2022 054 07 38 2022 054 07 38     006 1 2022 054 07 38 37.000 01.3250000000000e+01 -2.8691124675000e-04 07.7218519600000e-03 -5.4520149975000e-04 -2.1653679000000e+01 05.8278128000000e+02 -4.1147283000000e+01 00.0000000000000e+00 00.0000000000000e+00 00.0000000000000e+00
SEN3A 2022 072 14 37 2022 072 14 51     006 1 2022 072 14 44 32.291 08.6037500000000e+02 -9.1142973853750e-04 01.4786722228375e-02 01.9629807088187e+00 -1.0593401000000e+00 01.7186369000000e+01 02.2815408500000e+03 00.0000000000000e+00 00.0000000000000e+00 00.0000000000000e+00
SEN3A 2022 103 07 56 2022 103 07 56     006 1 2022 103 07 56 37.000 02.6250000000000e+01 -2.0290730775000e-04 01.4993623575000e-02 02.0009605612500e-04 -7.7298022000000e+00 05.7118566000000e+02 07.6227069000000e+00 00.0000000000000e+00 00.0000000000000e+00 00.0000000000000e+00
SEN3A 2022 138 06 08 2022 138 06 08     006 1 2022 138 06 08 22.000 02.6875000000000e+01 -4.3458334312500e-04 01.6325314425000e-02 07.1568533500000e-04 -1.6170543000000e+01 06.0745356000000e+02 02.6630152000000e+01 00.0000000000000e+00 00.0000000000000e+00 00.0000000000000e+00
SEN3A 2022 165 09 30 2022 165 09 30     006 1 2022 165 09 30 37.000 01.4750000000000e+01 -2.0192645275000e-04 01.0520057687500e-02 03.0909294650000e-05 -1.3689929000000e+01 07.1322425000000e+02 02.0955454000000e+00 00.0000000000000e+00 00.0000000000000e+00 00.0000000000000e+00
SEN3A 2022 202 06 41 2022 202 06 41     006 1 2022 202 06 41 37.000 01.5376000000000e+01 -3.6579159577600e-04 01.1634755194080e-02 06.4262206846400e-04 -2.3789776000000e+01 07.5668283000000e+02 04.1793839000000e+01 00.0000000000000e+00 00.0000000000000e+00 00.0000000000000e+00
SEN3A 2022 237 08 13 2022 237 08 28     006 1 2022 237 08 21 25.988 08.9716500000000e+02 -1.7570755822410e-03 01.7960430019927e-02 02.0276418403507e+00 -1.9584754000000e+00 02.0019093500000e+01 02.2600545500000e+03 00.0000000000000e+00 00.0000000000000e+00 00.0000000000000e+00
SEN3A 2022 279 07 00 2022 279 07 00     006 1 2022 279 07 00 37.000 02.7000000000000e+01 -3.5861181300000e-04 01.6424018460000e-02 -3.7696687200000e-04 -1.3281919000000e+01 06.0829698000000e+02 -1.3961736000000e+01 00.0000000000000e+00 00.0000000000000e+00 00.0000000000000e+00
SEN3A 2022 304 11 20 2022 304 11 20     006 1 2022 304 11 20 37.000 01.5625000000000e+01 05.2745334375000e-05 01.2010773125000e-02 03.6217514062500e-04 03.3757014000000e+00 07.6868948000000e+02 02.3179209000000e+01 00.0000000000000e+00 00.0000000000000e+00 00.0000000000000e+00
SEN3A 2022 326 08 25 2022 326 08 25     006 1 2022 326 08 25 37.000 01.5250000000000e+01 -1.0195395735000e-04 01.1340158792500e-02 -1.8834541475000e-04 -6.6855054000000e+00 07.4361697000000e+02 -1.2350519000000e+01 00.0000000000000e+00 00.0000000000000e+00 00.0000000000000e+00
SEN3A 2022 342 11 20 2022 342 11 35     006 1 2022 342 11 27 31.358 08.9651700000000e+02 -1.0599483733803e-03 01.4863108800825e-02 02.0015826362312e+00 -1.1822959000000e+00 01.6578725000000e+01 02.2326209500000e+03 00.0000000000000e+00 00.0000000000000e+00 00.0000000000000e+00
SEN3A 2022 362 12 55 2022 362 12 55     006 1 2022 362 12 55 37.000 02.6000000000000e+01 -3.5804113800000e-05 01.4238743220000e-02 09.6867966000000e-04 -1.3770813000000e+00 05.4764397000000e+02 03.7256910000000e+01 00.0000000000000e+00 00.0000000000000e+00 00.0000000000000e+00
SEN3A 2023 018 07 10 2023 018 07 10     006 1 2023 018 07 10 37.000 03.8750000000000e+01 -4.5195558750000e-04 02.1190308075000e-02 -6.0544968500000e-04 -1.1663370000000e+01 05.4684666000000e+02 -1.5624508000000e+01 00.0000000000000e+00 00.0000000000000e+00 00.0000000000000e+00
SEN3A 2023 047 07 50 2023 047 07 50     006 1 2023 047 07 50 37.000 03.8500000000000e+01 01.2492944695000e-04 02.1165766545000e-02 07.3278582300000e-05 03.2449207000000e+00 05.4976017000000e+02 01.9033398000000e+00 00.0000000000000e+00 00.0000000000000e+00 00.0000000000000e+00
SEN3A 2023 060 08 42 2023 060 08 57     006 1 2023 060 08 49 44.892 08.9621300000000e+02 -1.7255539915494e-03 02.0973942888115e-02 02.0077752741546e+00 -1.9253838000000e+00 02.3402855000000e+01 02.2402880500000e+03 00.0000000000000e+00 00.0000000000000e+00 00.0000000000000e+00
SEN3A 2023 073 09 55 2023 073 09 56     006 1 2023 073 09 55 37.000 05.0125000000000e+01 -3.4056095418750e-04 02.5985701247500e-02 08.9863588725000e-04 -6.7942335000000e+00 05.1841798000000e+02 01.7927898000000e+01 00.0000000000000e+00 00.0000000000000e+00 00.0000000000000e+00
SEN3A 2023 095 07 00 2023 095 07 00     006 1 2023 095 07 00 37.000 02.8000000000000e+01 -4.4913708000000e-04 01.8077352160000e-02 05.7479030000000e-04 -1.6040610000000e+01 06.4561972000000e+02 02.0528225000000e+01 00.0000000000000e+00 00.0000000000000e+00 00.0000000000000e+00
SEN3A 2023 116 08 00 2023 116 08 00     006 1 2023 116 08 00 37.000 02.7750000000000e+01 -4.7418742125000e-04 01.7814407760000e-02 01.5809702527500e-04 -1.7087835000000e+01 06.4196064000000e+02 05.6971901000000e+00 00.0000000000000e+00 00.0000000000000e+00 00.0000000000000e+00
SEN3A 2023 136 07 35 2023 136 07 35     006 1 2023 136 07 35 37.000 02.7750000000000e+01 -3.7435835025000e-04 01.7551451257500e-02 03.6896233500000e-04 -1.3490391000000e+01 06.3248473000000e+02 01.3295940000000e+01 00.0000000000000e+00 00.0000000000000e+00 00.0000000000000e+00
SEN3A 2023 165 06 45 2023 165 06 45     006 1 2023 165 06 45 37.000 03.7876000000000e+01 -1.6432098841840e-04 01.9727251376520e-02 06.8768540535600e-05 -4.3383934000000e+00 05.2083777000000e+02 01.8156231000000e+00 00.0000000000000e+00 00.0000000000000e+00 00.0000000000000e+00
SEN3A 2023 186 07 42 2023 186 07 42     006 1 2023 186 07 42 37.000 02.5375000000000e+01 -3.6577301250000e-04 01.3268475088750e-02 07.6188686175000e-04 -1.4414700000000e+01 05.2289557000000e+02 03.0025098000000e+01 00.0000000000000e+00 00.0000000000000e+00 00.0000000000000e+00
SEN3A 2023 208 08 10 2023 208 08 10     006 1 2023 208 08 10 37.000 01.5000000000000e+01 -2.0938618500000e-05 01.0803543900000e-02 02.3040423000000e-04 -1.3959079000000e+00 07.2023626000000e+02 01.5360282000000e+01 00.0000000000000e+00 00.0000000000000e+00 00.0000000000000e+00
SEN3A 2023 211 14 29 2023 211 17 00     006 2 2023 211 14 29 54.000 01.3125000000000e+01 01.6687374375000e-05 -2.4750573750000e-02 05.5383269812500e-04 01.2714190000000e+00 -1.8857580000000e+03 04.2196777000000e+01 00.0000000000000e+00 00.0000000000000e+00 00.0000000000000e+00 2023 211 16 59 54.000 05.1625000000000e+01 -3.9166304161250e-04 02.9086321057500e-02 04.5009960415000e-04 -7.5866933000000e+00 05.6341542000000e+02 08.7186364000000e+00 00.0000000000000e+00 00.0000000000000e+00 00.0000000000000e+00
SEN3A 2023 229 07 14 2023 229 07 31     006 1 2023 229 07 23 18.173 01.0117790000000e+03 -2.0265788685603e-03 01.9741167109197e-02 02.2422446718943e+00 -2.0029857000000e+00 01.9511343000000e+01 02.2161407500000e+03 00.0000000000000e+00 00.0000000000000e+00 00.0000000000000e+00
SEN3A 2023 243 08 05 2023 243 08 05     006 1 2023 243 08 05 37.000 02.5375000000000e+01 -2.4830564911250e-04 01.2982782277500e-02 03.4917870137500e-04 -9.7854443000000e+00 05.1163674000000e+02 01.3760737000000e+01 00.0000000000000e+00 00.0000000000000e+00 00.0000000000000e+00
SEN3A 2023 270 08 10 2023 270 08 10     006 1 2023 270 08 10 37.000 04.0376000000000e+01 -3.6406595467760e-04 02.4201851240560e-02 01.9438688464160e-04 -9.0168901000000e+00 05.9941181000000e+02 04.8144166000000e+00 00.0000000000000e+00 00.0000000000000e+00 00.0000000000000e+00
SEN3A 2023 289 08 20 2023 289 08 20     006 1 2023 289 08 20 37.000 03.9750000000000e+01 -1.5321908992500e-04 02.2959724815000e-02 09.6699359925000e-04 -3.8545683000000e+00 05.7760314000000e+02 02.4326883000000e+01 00.0000000000000e+00 00.0000000000000e+00 00.0000000000000e+00
SEN3A 2023 304 10 15 2023 304 10 15     006 1 2023 304 10 15 37.000 01.6250000000000e+00 01.8077180875000e-16 -4.0536760875000e-03 09.9198287500000e-17 01.1124419000000e-10 -2.4945699000000e+03 06.1045100000000e-11 00.0000000000000e+00 00.0000000000000e+00 00.0000000000000e+00
SEN3A 2023 313 08 02 2023 313 08 03     006 1 2023 313 08 02 37.000 05.0876000000000e+01 -2.2956441698400e-04 02.7336149473080e-02 04.4379884712240e-05 -4.5122340000000e+00 05.3730933000000e+02 08.7231474000000e-01 00.0000000000000e+00 00.0000000000000e+00 00.0000000000000e+00
SEN3A 2023 332 11 15 2023 332 11 31     006 1 2023 332 11 23 42.730 09.5880000000000e+02 -1.2440798179200e-03 01.8678235144800e-02 02.0885800234800e+00 -1.2975384000000e+00 01.9480846000000e+01 02.1783271000000e+03 00.0000000000000e+00 00.0000000000000e+00 00.0000000000000e+00
SEN3A 2023 334 19 00 2023 334 19 00     006 1 2023 334 19 00 37.000 01.3625000000000e+01 01.1830413508750e-04 07.9174473062500e-03 08.0682988100000e-04 08.6828723000000e+00 05.8109705000000e+02 05.9216872000000e+01 00.0000000000000e+00 00.0000000000000e+00 00.0000000000000e+00
SEN3A 2023 344 09 35 2023 344 09 35     006 1 2023 344 09 35 37.000 02.5125000000000e+01 -7.8439523887500e-05 01.2356621730000e-02 -1.7007631080000e-04 -3.1219711000000e+00 04.9180584000000e+02 -6.7692064000000e+00 00.0000000000000e+00 00.0000000000000e+00 00.0000000000000e+00
SEN3A 2024 004 07 10 2024 004 07 10     006 1 2024 004 07 10 37.000 03.7750000000000e+01 -4.2543313800000e-04 01.8967080555000e-02 05.1518221525000e-05 -1.1269752000000e+01 05.0243922000000e+02 01.3647211000000e+00 00.0000000000000e+00 00.0000000000000e+00 00.0000000000000e+00
SEN3A 2024 024 08 25 2024 024 08 25     006 1 2024 024 08 25 37.000 03.8376000000000e+01 -8.0067010982400e-05 01.9943060847840e-02 05.8908556886400e-04 -2.0863824000000e+00 05.1967534000000e+02 01.5350364000000e+01 00.0000000000000e+00 00.0000000000000e+00 00.0000000000000e+00
SEN3A 2024 045 07 40 2024 045 07 40     006 1 2024 045 07 40 37.000 02.5875000000000e+01 -1.2333979338750e-04 01.3743028856250e-02 09.4859178300000e-04 -4.7667553000000e+00 05.3113155000000e+02 03.6660552000000e+01 00.0000000000000e+00 00.0000000000000e+00 00.0000000000000e+00
SEN3A 2024 056 09 40 2024 056 09 40     006 1 2024 056 09 40 37.000 01.3000000000000e+01 06.7244778900000e-05 06.7694407300000e-03 -2.4455691000000e-04 05.1726753000000e+00 05.2072621000000e+02 -1.8812070000000e+01 00.0000000000000e+00 00.0000000000000e+00 00.0000000000000e+00
SEN3A 2024 067 11 18 2024 067 11 36     006 1 2024 067 11 27 19.349 01.0698850000000e+03 -1.8486217669960e-03 02.1877604940888e-02 02.2917451314685e+00 -1.7278696000000e+00 02.0448557500000e+01 02.1420481000000e+03 00.0000000000000e+00 00.0000000000000e+00 00.0000000000000e+00
SEN3A 2024 081 08 40 2024 081 08 40     006 1 2024 081 08 40 37.000 01.5750000000000e+01 -1.7536209075000e-04 01.1511952987500e-02 04.9013788950000e-04 -1.1134101000000e+01 07.3091765000000e+02 03.1119866000000e+01 00.0000000000000e+00 00.0000000000000e+00 00.0000000000000e+00
SEN3A 2024 094 11 30 2024 094 11 30     006 1 2024 094 11 30 37.000 02.7500000000000e+01 -3.0142246750000e-04 01.6687546425000e-02 -3.5305583500000e-05 -1.0960817000000e+01 06.0681987000000e+02 -1.2838394000000e+00 00.0000000000000e+00 00.0000000000000e+00 00.0000000000000e+00
SEN3A 2024 115 08 59 2024 115 09 00     006 1 2024 115 08 59 37.000 06.2876000000000e+01 -8.0018368025200e-04 03.2140936074720e-02 01.0424184374560e-03 -1.2726377000000e+01 05.1117972000000e+02 01.6578956000000e+01 00.0000000000000e+00 00.0000000000000e+00 00.0000000000000e+00
SEN3A 2024 129 07 55 2024 129 07 55     006 1 2024 129 07 55 37.000 01.4250000000000e+01 -1.4861870775000e-04 08.9927678775000e-03 02.3498311275000e-04 -1.0429383000000e+01 06.3107143000000e+02 01.6490043000000e+01 00.0000000000000e+00 00.0000000000000e+00 00.0000000000000e+00
SEN3A 2024 137 07 50 2024 137 07 50     006 1 2024 137 07 50 37.000 02.8625000000000e+01 -1.2302922236250e-04 01.7910691411250e-02 01.9025328587500e-04 -4.2979641000000e+00 06.2570101000000e+02 06.6464030000000e+00 00.0000000000000e+00 00.0000000000000e+00 00.0000000000000e+00
SEN3A 2024 147 08 30 2024 147 08 30     006 1 2024 147 08 30 37.000 04.0125000000000e+01 -5.7429648562500e-04 02.3103810487500e-02 01.1044525421250e-03 -1.4312685000000e+01 05.7579590000000e+02 02.7525297000000e+01 00.0000000000000e+00 00.0000000000000e+00 00.0000000000000e+00
SEN3A 2024 172 07 33 2024 172 07 33     006 1 2024 172 07 33 37.000 03.8000000000000e+01 -3.4176289520000e-04 01.9010126240000e-02 01.1975116700000e-03 -8.9937604000000e+00 05.0026648000000e+02 03.1513465000000e+01 00.0000000000000e+00 00.0000000000000e+00 00.0000000000000e+00
SEN3A 2024 192 07 20 2024 192 07 20     006 1 2024 192 07 20 37.000 03.8000000000000e+01 -3.0300470780000e-04 01.9254644840000e-02 01.2064894740000e-03 -7.9738081000000e+00 05.0670118000000e+02 03.1749723000000e+01 00.0000000000000e+00 00.0000000000000e+00 00.0000000000000e+00
SEN3A 2024 207 07 35 2024 207 07 35     006 1 2024 207 07 35 37.000 02.7875000000000e+01 -3.2404746037500e-04 01.7274639807500e-02 01.0122155647500e-03 -1.1625021000000e+01 06.1971802000000e+02 03.6312666000000e+01 00.0000000000000e+00 00.0000000000000e+00 00.0000000000000e+00
SEN3A 2024 220 06 52 2024 220 06 52     006 1 2024 220 06 52 37.000 01.5376000000000e+01 -3.7632809203200e-04 01.1071915330240e-02 01.0179842248000e-03 -2.4475032000000e+01 07.2007774000000e+02 06.6206050000000e+01 00.0000000000000e+00 00.0000000000000e+00 00.0000000000000e+00
SEN3A 2024 227 14 19 2024 227 16 00     006 2 2024 227 14 19 48.000 01.7750000000000e+01 -7.7072470250000e-05 -3.4797392875000e-02 -4.5568733650000e-04 -4.3421110000000e+00 -1.9604165000000e+03 -2.5672526000000e+01 00.0000000000000e+00 00.0000000000000e+00 00.0000000000000e+00 2024 227 15 59 48.000 01.0275000000000e+02 -5.8684939140000e-04 06.0127374465000e-02 -2.3710964010000e-05 -5.7114296000000e+00 05.8518126000000e+02 -2.3076364000000e-01 00.0000000000000e+00 00.0000000000000e+00 00.0000000000000e+00
SEN3A 2024 235 08 47 2024 235 08 47     006 1 2024 235 08 47 37.000 01.4876000000000e+01 -2.3405809144000e-04 01.0094123932200e-02 01.0168277668240e-03 -1.5733940000000e+01 06.7855095000000e+02 06.8353574000000e+01 00.0000000000000e+00 00.0000000000000e+00 00.0000000000000e+00
SEN3A 2024 246 07 12 2024 246 07 29     006 1 2024 246 07 21 07.775 01.0468390000000e+03 -2.7255199761207e-03 02.3098894052786e-02 02.2057061560304e+00 -2.6035713000000e+00 02.2065374000000e+01 02.1070156500000e+03 00.0000000000000e+00 00.0000000000000e+00 00.0000000000000e+00
SEN3A 2024 253 07 41 2024 253 07 42     006 1 2024 253 07 42 07.000 05.0375000000000e+01 -5.9293878637500e-04 02.5332578992500e-02 01.3131862802500e-03 -1.1770497000000e+01 05.0287998000000e+02 02.6068214000000e+01 00.0000000000000e+00 00.0000000000000e+00 00.0000000000000e+00
SEN3A 2024 262 18 55 2024 262 18 55     006 1 2024 262 18 55 37.000 04.0625000000000e+01 -2.7296456281250e-04 02.3518397500000e-02 06.6609830625000e-04 -6.7191277000000e+00 05.7891440000000e+02 01.6396266000000e+01 00.0000000000000e+00 00.0000000000000e+00 00.0000000000000e+00
SEN3A 2024 280 07 47 2024 280 07 49     006 1 2024 280 07 48 37.000 07.5624000000000e+01 -1.1242447606320e-03 03.9996016582560e-02 01.2979681378080e-03 -1.4866243000000e+01 05.2887994000000e+02 01.7163442000000e+01 00.0000000000000e+00 00.0000000000000e+00 00.0000000000000e+00
SEN3A 2024 291 08 07 2024 291 08 07     006 1 2024 291 08 07 37.000 02.8000000000000e+01 -4.4062194400000e-04 01.7278720200000e-02 -3.4582945600000e-04 -1.5736498000000e+01 06.1709715000000e+02 -1.2351052000000e+01 00.0000000000000e+00 00.0000000000000e+00 00.0000000000000e+00
SEN3A 2024 304 07 25 2024 304 07 26     006 1 2024 304 07 25 37.000 06.4124000000000e+01 -4.6459351326400e-04 03.4132573578600e-02 06.7487079366000e-04 -7.2452360000000e+00 05.3229015000000e+02 01.0524465000000e+01 00.0000000000000e+00 00.0000000000000e+00 00.0000000000000e+00
SEN3A 2024 316 08 57 2024 316 08 58     006 1 2024 316 08 57 37.000 05.4000000000000e+01 03.6582148800000e-16 03.1034048400000e-02 01.6495373520000e-10 06.7744720000000e-12 05.7470460000000e+02 03.0546988000000e-06 00.0000000000000e+00 00.0000000000000e+00 00.0000000000000e+00