SWOT1 2023 011 02 38 2023 011 02 41     007 1 2023 011 02 39 51.135  1.3981490365098e+02 -7.1453137220000e-04 -8.3888882306470e-01 -7.0297062460000e-04  0.0000000000000e+00  0.0000000000000e+00  0.0000000000000e+00  0.0000000000000e+00  0.0000000000000e+00  0.0000000000000e+00
SWOT1 2023 011 05 11 2023 011 05 12     007 1 2023 011 05 12 11.887  6.3635708279940e+01  1.4464469509000e-03 -3.8180920945450e-01  1.3253774461000e-03  0.0000000000000e+00  0.0000000000000e+00  0.0000000000000e+00  0.0000000000000e+00  0.0000000000000e+00  0.0000000000000e+00
SWOT1 2023 013 01 39 2023 013 01 40     007 1 2023 013 01 39 59.264  1.9393318064067e+01  6.5932533450000e-04 -1.1634606832420e-01  1.6691179811000e-03  0.0000000000000e+00  0.0000000000000e+00  0.0000000000000e+00  0.0000000000000e+00  0.0000000000000e+00  0.0000000000000e+00
SWOT1 2023 013 04 13 2023 013 04 13     007 1 2023 013 04 13 12.825  1.9424040533364e+01  1.0156158697000e-03 -1.1653292203770e-01  1.2677653014000e-03  0.0000000000000e+00  0.0000000000000e+00  0.0000000000000e+00  0.0000000000000e+00  0.0000000000000e+00  0.0000000000000e+00
SWOT1 2023 015 02 54 2023 015 02 54     007 1 2023 015 02 54 17.262  2.0540431209058e+00 -9.5605389700000e-05 -1.2321858583500e-02 -2.2363762710000e-04  0.0000000000000e+00  0.0000000000000e+00  0.0000000000000e+00  0.0000000000000e+00  0.0000000000000e+00  0.0000000000000e+00
SWOT1 2023 015 06 18 2023 015 06 18     007 1 2023 015 06 18 39.887  2.0527807451268e+00  2.6334795840000e-04 -1.2312095933500e-02  2.0894479750000e-04  0.0000000000000e+00  0.0000000000000e+00  0.0000000000000e+00  0.0000000000000e+00  0.0000000000000e+00  0.0000000000000e+00
SWOT1 2023 022 21 09 2023 022 21 09     007 1 2023 022 21 09 19.702  1.2828630748767e+01  4.4634026600000e-04 -7.6965093108500e-02 -9.1149939500000e-04  0.0000000000000e+00  0.0000000000000e+00  0.0000000000000e+00  0.0000000000000e+00  0.0000000000000e+00  0.0000000000000e+00
SWOT1 2023 023 00 33 2023 023 00 33     007 1 2023 023 00 33 41.576  1.2932571696805e+01 -2.5980967020000e-04  7.7594652889500e-02 -2.3049260320000e-04  0.0000000000000e+00  0.0000000000000e+00  0.0000000000000e+00  0.0000000000000e+00  0.0000000000000e+00  0.0000000000000e+00
SWOT1 2023 027 04 59 2023 027 04 59     007 1 2023 027 04 59 19.576  3.2013323807253e+00 -9.4297797800000e-05  1.9203055120800e-02 -4.2523685240000e-04  0.0000000000000e+00  0.0000000000000e+00  0.0000000000000e+00  0.0000000000000e+00  0.0000000000000e+00  0.0000000000000e+00
SWOT1 2023 031 00 52 2023 031 00 52     007 1 2023 031 00 52  6.951  5.9448004272905e+00 -8.0996951400000e-05 -3.5668015600500e-02 -2.2266330360000e-04  0.0000000000000e+00  0.0000000000000e+00  0.0000000000000e+00  0.0000000000000e+00  0.0000000000000e+00  0.0000000000000e+00
SWOT1 2023 031 06 49 2023 031 06 49     007 1 2023 031 06 49 44.576  5.4488079700036e+00 -2.9684575100000e-05  3.2691453583800e-02 -3.0046628300000e-04  0.0000000000000e+00  0.0000000000000e+00  0.0000000000000e+00  0.0000000000000e+00  0.0000000000000e+00  0.0000000000000e+00
SWOT1 2023 039 00 36 2023 039 00 36     007 1 2023 039 00 36 43.139  6.8697356866060e-01 -4.8701422300000e-05 -4.1084993872000e-03  3.2777672620000e-04  0.0000000000000e+00  0.0000000000000e+00  0.0000000000000e+00  0.0000000000000e+00  0.0000000000000e+00  0.0000000000000e+00
SWOT1 2023 039 07 25 2023 039 07 25     007 1 2023 039 07 25 28.263  6.8804840745220e-01 -7.6201602400000e-05  4.1275217906000e-03 -2.3220237300000e-05  0.0000000000000e+00  0.0000000000000e+00  0.0000000000000e+00  0.0000000000000e+00  0.0000000000000e+00  0.0000000000000e+00
SWOT1 2023 041 00 16 2023 041 00 16     007 1 2023 041 00 16 42.889  6.2718051758600e-01  1.0167502880000e-04  3.7540137398000e-03  2.4049425960000e-04  0.0000000000000e+00  0.0000000000000e+00  0.0000000000000e+00  0.0000000000000e+00  0.0000000000000e+00  0.0000000000000e+00
SWOT1 2023 041 07 05 2023 041 07 05     007 1 2023 041 07 05 28.013  6.7198956691920e-01 -2.1341559700000e-05 -4.0310154366000e-03  8.3536206800000e-05  0.0000000000000e+00  0.0000000000000e+00  0.0000000000000e+00  0.0000000000000e+00  0.0000000000000e+00  0.0000000000000e+00
SWOT1 2023 045 01 26 2023 045 01 26     007 1 2023 045 01 26 44.139  1.3871701934764e+00 -9.5483329300000e-05  8.3168732122000e-03 -3.0526078910000e-04  0.0000000000000e+00  0.0000000000000e+00  0.0000000000000e+00  0.0000000000000e+00  0.0000000000000e+00  0.0000000000000e+00
SWOT1 2023 045 06 33 2023 045 06 33     007 1 2023 045 06 33 17.951  1.3199918592950e+00  1.3534069280000e-04 -7.9140295826000e-03 -2.7467248250000e-04  0.0000000000000e+00  0.0000000000000e+00  0.0000000000000e+00  0.0000000000000e+00  0.0000000000000e+00  0.0000000000000e+00
SWOT1 2023 048 05 59 2023 048 05 59     007 1 2023 048 05 59 47.263  4.0450368788829e+00 -1.0669516446000e-03  2.4246312592200e-02  1.4690311780000e-04  0.0000000000000e+00  0.0000000000000e+00  0.0000000000000e+00  0.0000000000000e+00  0.0000000000000e+00  0.0000000000000e+00
SWOT1 2023 069 06 57 2023 069 06 57     007 1 2023 069 06 57 29.263  4.7892196088406e+00  1.3167247100000e-04  2.8734966811700e-02 -5.3153681900000e-05  0.0000000000000e+00  0.0000000000000e+00  0.0000000000000e+00  0.0000000000000e+00  0.0000000000000e+00  0.0000000000000e+00
SWOT1 2023 083 06 13 2023 083 06 13     007 1 2023 083 06 13 56.639  2.4091890140936e+00 -8.3357158960000e-04  1.4430489684800e-02 -1.3048856260000e-04  0.0000000000000e+00  0.0000000000000e+00  0.0000000000000e+00  0.0000000000000e+00  0.0000000000000e+00  0.0000000000000e+00
SWOT1 2023 089 08 09 2023 089 08 09     007 1 2023 089 08 09 16.388  1.0005768849751e+01 -8.8035038500000e-05 -6.0031088877600e-02  6.4450592560000e-04  0.0000000000000e+00  0.0000000000000e+00  0.0000000000000e+00  0.0000000000000e+00  0.0000000000000e+00  0.0000000000000e+00
SWOT1 2023 089 18 22 2023 089 18 22     007 1 2023 089 18 22 23.263  1.0160008463464e+01 -1.1205812090000e-04  6.0954477945000e-02  8.1661044610000e-04  0.0000000000000e+00  0.0000000000000e+00  0.0000000000000e+00  0.0000000000000e+00  0.0000000000000e+00  0.0000000000000e+00
SWOT1 2023 095 19 39 2023 095 19 39     007 1 2023 095 19 39 17.138  2.8535820886529e+00 -5.7445855000000e-05  1.7120196080500e-02  2.0271324590000e-04  0.0000000000000e+00  0.0000000000000e+00  0.0000000000000e+00  0.0000000000000e+00  0.0000000000000e+00  0.0000000000000e+00
SWOT1 2023 111 20 18 2023 111 20 18     007 1 2023 111 20 18  6.889  1.5058613298175e+00 -7.2873783000000e-05  8.9728021239000e-03  1.0572473047000e-03  0.0000000000000e+00  0.0000000000000e+00  0.0000000000000e+00  0.0000000000000e+00  0.0000000000000e+00  0.0000000000000e+00
SWOT1 2023 125 19 41 2023 125 19 41     007 1 2023 125 19 41 51.138  1.4085207904980e+00 -3.6518715920000e-04  8.3721443879000e-03  1.0933188501000e-03  0.0000000000000e+00  0.0000000000000e+00  0.0000000000000e+00  0.0000000000000e+00  0.0000000000000e+00  0.0000000000000e+00
SWOT1 2023 133 20 50 2023 133 20 50     007 1 2023 133 20 50 39.764  1.7438397362744e+00 -6.8934188200000e-05 -1.0454491912900e-02 -4.1715686560000e-04  0.0000000000000e+00  0.0000000000000e+00  0.0000000000000e+00  0.0000000000000e+00  0.0000000000000e+00  0.0000000000000e+00
SWOT1 2023 134 00 15 2023 134 00 15     007 1 2023 134 00 15  2.512  1.7679062139592e+00 -1.4268559830000e-04  1.0604951711000e-02 -1.7990485470000e-04  0.0000000000000e+00  0.0000000000000e+00  0.0000000000000e+00  0.0000000000000e+00  0.0000000000000e+00  0.0000000000000e+00
SWOT1 2023 137 21 14 2023 137 21 14     007 1 2023 137 21 14 29.640  2.7249559080208e+00  3.6211438200000e-05  1.6325142905400e-02  8.9568246310000e-04  0.0000000000000e+00  0.0000000000000e+00  0.0000000000000e+00  0.0000000000000e+00  0.0000000000000e+00  0.0000000000000e+00
SWOT1 2023 153 03 04 2023 153 03 04     007 1 2023 153 03 04  3.638  1.4941459751590e+00 -2.1578574900000e-04  8.9289850230000e-03  7.7179141760000e-04  0.0000000000000e+00  0.0000000000000e+00  0.0000000000000e+00  0.0000000000000e+00  0.0000000000000e+00  0.0000000000000e+00
SWOT1 2023 167 19 43 2023 167 19 43     007 1 2023 167 19 43 41.138  2.9048289081766e+00 -2.3525029090000e-04  1.7424595141500e-02  3.1186045300000e-04  0.0000000000000e+00  0.0000000000000e+00  0.0000000000000e+00  0.0000000000000e+00  0.0000000000000e+00  0.0000000000000e+00
SWOT1 2023 181 18 55 2023 181 18 56     007 1 2023 181 18 55 59.513  1.6350212631280e+00  8.3316462200000e-05  9.7976115036000e-03  4.8833421350000e-04  0.0000000000000e+00  0.0000000000000e+00  0.0000000000000e+00  0.0000000000000e+00  0.0000000000000e+00  0.0000000000000e+00
SWOT1 2023 192 02 53 2023 192 03 06     007 1 2023 192 03 00  4.287  8.2489909899508e+02  1.3485226105900e-02  4.9493028849781e+00 -2.6943426818900e-02  0.0000000000000e+00  0.0000000000000e+00  0.0000000000000e+00  0.0000000000000e+00  0.0000000000000e+00  0.0000000000000e+00
SWOT1 2023 192 05 26 2023 192 05 40     007 1 2023 192 05 33 38.399  8.2056310271531e+02  1.3179015521500e-02  4.9232702544743e+00 -2.9888364268700e-02  0.0000000000000e+00  0.0000000000000e+00  0.0000000000000e+00  0.0000000000000e+00  0.0000000000000e+00  0.0000000000000e+00
SWOT1 2023 194 02 28 2023 194 02 37     007 1 2023 194 02 32 38.624  5.3005032104190e+02  4.2725135992000e-03  3.1802373357404e+00 -1.9813533478300e-02  0.0000000000000e+00  0.0000000000000e+00  0.0000000000000e+00  0.0000000000000e+00  0.0000000000000e+00  0.0000000000000e+00
SWOT1 2023 194 05 02 2023 194 05 11     007 1 2023 194 05 06 40.509  5.2923777995810e+02  4.5055616739000e-03  3.1753767669313e+00 -1.7224587243200e-02  0.0000000000000e+00  0.0000000000000e+00  0.0000000000000e+00  0.0000000000000e+00  0.0000000000000e+00  0.0000000000000e+00
SWOT1 2023 198 18 28 2023 198 18 30     007 1 2023 198 18 29 32.194  7.5069231103891e+01 -5.8001643964000e-03  4.5037733644600e-01 -7.9587425180000e-04  0.0000000000000e+00  0.0000000000000e+00  0.0000000000000e+00  0.0000000000000e+00  0.0000000000000e+00  0.0000000000000e+00
SWOT1 2023 198 21 03 2023 198 21 04     007 1 2023 198 21 03 52.577  7.3559287684783e+01 -4.8570557724000e-03  4.4132811182300e-01 -8.8526430430000e-04  0.0000000000000e+00  0.0000000000000e+00  0.0000000000000e+00  0.0000000000000e+00  0.0000000000000e+00  0.0000000000000e+00
SWOT1 2023 202 03 17 2023 202 03 18     007 1 2023 202 03 18  1.325  1.2048207896713e+01  1.8137740050000e-04 -7.2288762547000e-02  1.9286904420000e-04  0.0000000000000e+00  0.0000000000000e+00  0.0000000000000e+00  0.0000000000000e+00  0.0000000000000e+00  0.0000000000000e+00
SWOT1 2023 237 21 02 2023 237 21 02     007 1 2023 237 21 02 55.138  1.4504121228909e+00 -8.9089522500000e-05  8.6809360239000e-03 -6.0534663670000e-04  0.0000000000000e+00  0.0000000000000e+00  0.0000000000000e+00  0.0000000000000e+00  0.0000000000000e+00  0.0000000000000e+00
SWOT1 2023 279 17 32 2023 279 17 32     007 1 2023 279 17 32 25.013  2.5737427446186e+00 -1.8373915600000e-05  1.5441789427000e-02  1.4234974120000e-04  0.0000000000000e+00  0.0000000000000e+00  0.0000000000000e+00  0.0000000000000e+00  0.0000000000000e+00  0.0000000000000e+00
SWOT1 2023 300 14 25 2023 300 14 25     007 1 2023 300 14 25  8.265  1.4329998676118e+00 -9.7839246900000e-05  8.5954777710000e-03  1.8379257360000e-04  0.0000000000000e+00  0.0000000000000e+00  0.0000000000000e+00  0.0000000000000e+00  0.0000000000000e+00  0.0000000000000e+00
SWOT1 2023 321 11 13 2023 321 11 13     007 1 2023 321 11 13  3.265  1.6769615381976e+00 -1.6251476920000e-04  1.0037373155800e-02 -6.8112341270000e-04  0.0000000000000e+00  0.0000000000000e+00  0.0000000000000e+00  0.0000000000000e+00  0.0000000000000e+00  0.0000000000000e+00
SWOT1 2023 349 21 47 2023 349 21 47     007 1 2023 349 21 47 42.700  2.1386591104367e+00 -1.9903211580000e-04  1.2822790097000e-02 -4.4215473510000e-04  0.0000000000000e+00  0.0000000000000e+00  0.0000000000000e+00  0.0000000000000e+00  0.0000000000000e+00  0.0000000000000e+00
SWOT1 2023 357 03 07 2023 357 03 07     007 1 2023 357 03 07 27.665  1.0417411832051e+01  4.2035778900000e-05  6.2503005109600e-02 -4.2600386060000e-04  0.0000000000000e+00  0.0000000000000e+00  0.0000000000000e+00  0.0000000000000e+00  0.0000000000000e+00  0.0000000000000e+00
SWOT1 2023 357 09 58 2023 357 09 59     007 1 2023 357 09 59  3.825  1.0437408671166e+01  2.5400262900000e-05 -6.2622599319600e-02 -4.8104154520000e-04  0.0000000000000e+00  0.0000000000000e+00  0.0000000000000e+00  0.0000000000000e+00  0.0000000000000e+00  0.0000000000000e+00
SWOT1 2024 012 21 19 2024 012 21 19     007 1 2024 012 21 19 50.763  1.9155098404723e+00  9.0360440300000e-05  1.1440244160300e-02 -1.0968385049000e-03  0.0000000000000e+00  0.0000000000000e+00  0.0000000000000e+00  0.0000000000000e+00  0.0000000000000e+00  0.0000000000000e+00
SWOT1 2024 040 18 09 2024 040 18 09     007 1 2024 040 18 09 38.265  1.7661841656085e+00 -3.0641311730000e-04  1.0592420055600e-02  7.3366294900000e-05  0.0000000000000e+00  0.0000000000000e+00  0.0000000000000e+00  0.0000000000000e+00  0.0000000000000e+00  0.0000000000000e+00
SWOT1 2024 075 21 29 2024 075 21 29     007 1 2024 075 21 29 30.700  2.0280022302562e+00  1.6748622320000e-04  1.2162440045400e-02  3.2794840950000e-04  0.0000000000000e+00  0.0000000000000e+00  0.0000000000000e+00  0.0000000000000e+00  0.0000000000000e+00  0.0000000000000e+00
SWOT1 2024 096 17 59 2024 096 17 59     007 1 2024 096 17 59 46.952  2.0021256343858e+00  1.7945562590000e-04  1.2008257040200e-02  2.7534078330000e-04  0.0000000000000e+00  0.0000000000000e+00  0.0000000000000e+00  0.0000000000000e+00  0.0000000000000e+00  0.0000000000000e+00
SWOT1 2024 124 21 33 2024 124 21 33     007 1 2024 124 21 33 16.639  2.6194190616216e+00 -8.6296349700000e-05  1.5715424536600e-02  1.6373304180000e-04  0.0000000000000e+00  0.0000000000000e+00  0.0000000000000e+00  0.0000000000000e+00  0.0000000000000e+00  0.0000000000000e+00
SWOT1 2024 145 19 45 2024 145 19 45     007 1 2024 145 19 45 12.639  2.5476126673497e+00 -7.3674311200000e-05  1.5282080856200e-02 -3.2321463670000e-04  0.0000000000000e+00  0.0000000000000e+00  0.0000000000000e+00  0.0000000000000e+00  0.0000000000000e+00  0.0000000000000e+00
SWOT1 2024 159 08 40 2024 159 08 41     007 1 2024 159 08 41  1.081  1.6589198270871e+01  6.1154274720000e-04 -9.9532762546200e-02 -3.3040749320000e-04  0.0000000000000e+00  0.0000000000000e+00  0.0000000000000e+00  0.0000000000000e+00  0.0000000000000e+00  0.0000000000000e+00
SWOT1 2024 159 18 06 2024 159 18 06     007 1 2024 159 18 06 51.206  1.6428501941838e+01 -3.6289330740000e-04  9.8570250090000e-02 -1.3580700860000e-04  0.0000000000000e+00  0.0000000000000e+00  0.0000000000000e+00  0.0000000000000e+00  0.0000000000000e+00  0.0000000000000e+00
SWOT1 2024 187 19 21 2024 187 19 21     007 1 2024 187 19 21 55.202  2.3310984376293e+00  2.2568870100000e-05  1.3985939256900e-02  1.3308298630000e-04  0.0000000000000e+00  0.0000000000000e+00  0.0000000000000e+00  0.0000000000000e+00  0.0000000000000e+00  0.0000000000000e+00
SWOT1 2024 215 21 04 2024 215 21 04     007 1 2024 215 21 04 29.514  1.9357405088246e+00 -2.9485165560000e-04  1.1571491867600e-02  9.5337604800000e-04  0.0000000000000e+00  0.0000000000000e+00  0.0000000000000e+00  0.0000000000000e+00  0.0000000000000e+00  0.0000000000000e+00
SWOT1 2024 236 21 08 2024 236 21 09     007 1 2024 236 21 08 59.203  3.2253509982301e+00  6.9536751700000e-05  1.9351667635800e-02 -1.1013891030000e-04  0.0000000000000e+00  0.0000000000000e+00  0.0000000000000e+00  0.0000000000000e+00  0.0000000000000e+00  0.0000000000000e+00
SWOT1 2024 257 21 04 2024 257 21 04     007 1 2024 257 21 04 27.703  3.3781717334522e+00 -6.9492412490000e-04  2.0243340226700e-02  7.4689377620000e-04  0.0000000000000e+00  0.0000000000000e+00  0.0000000000000e+00  0.0000000000000e+00  0.0000000000000e+00  0.0000000000000e+00
SWOT1 2024 285 14 10 2024 285 14 10     007 1 2024 285 14 10 13.765  2.5936132072903e+00 -5.9291718480000e-04  1.5533408692200e-02  7.2630881770000e-04  0.0000000000000e+00  0.0000000000000e+00  0.0000000000000e+00  0.0000000000000e+00  0.0000000000000e+00  0.0000000000000e+00
SWOT1 2024 306 07 18 2024 306 07 19     007 1 2024 306 07 19  0.390  3.3994645348206e+00  2.0313297800000e-04  2.0388200831300e-02 -5.5581678900000e-04  0.0000000000000e+00  0.0000000000000e+00  0.0000000000000e+00  0.0000000000000e+00  0.0000000000000e+00  0.0000000000000e+00
SWOT1 2024 320 19 08 2024 320 19 08     007 1 2024 320 19 08 47.702  1.7835630725443e+00  1.3696213260000e-04  1.0662464620300e-02 -9.0143774570000e-04  0.0000000000000e+00  0.0000000000000e+00  0.0000000000000e+00  0.0000000000000e+00  0.0000000000000e+00  0.0000000000000e+00
